Timestamp(ms),AccelX(g),AccelY(g),AccelZ(g),GyroX(deg/s),GyroY(deg/s),GyroZ(deg/s),DistanceLeft(cm),DistanceRight(cm)
40441,-0.109,-0.98,0.188,-0.235,-0.169,-2.485,0,73
40488,-0.115,-0.979,0.205,0.194,1.245,-3.155,108,72
40537,-0.113,-0.979,0.167,-0.331,0.977,-7.512,108,78
40589,-0.122,-0.98,0.196,0.842,4.436,-4.127,0,78
40642,-0.122,-0.976,0.178,0.558,3.574,-5.477,0,80
40695,-0.126,-0.975,0.189,0.433,2.995,-4.238,0,81
40749,-0.12,-0.972,0.109,-1.106,-1.364,-7.112,0,79
40802,-0.121,-0.969,0.128,-1.521,-0.525,-3.807,0,77
40858,-0.14,-0.969,0.209,-0.757,0.782,0.144,0,77
40911,-0.142,-0.969,0.175,-2.711,-6.533,-0.771,0,77
40965,-0.13,-0.979,0.168,-3.206,-9.218,0.245,0,77
41018,-0.113,-0.983,0.176,-1.613,-8.626,3.986,0,77
41071,-0.129,-0.978,0.155,-2.766,-14.594,1.857,0,80
41124,-0.119,-0.982,0.09,-2.714,-24.466,-6.733,0,81
41178,-0.11,-0.978,0.14,-0.754,-15.575,2.796,0,78
41231,-0.109,-0.981,0.186,0.739,-7.425,10.827,0,77
41284,-0.111,-0.978,0.098,-0.312,-16.928,-3.829,0,78
41339,-0.106,-0.982,0.176,0.237,-8.476,6.384,0,71
41393,-0.099,-0.985,0.206,0.543,-3.086,10.974,0,72
41446,-0.095,-0.982,0.189,0.359,-1.891,5.738,0,73
41498,-0.098,-0.978,0.114,-0.987,-2.542,-1.243,0,73
41551,-0.108,-0.987,0.203,-0.414,0.847,2.001,0,73
41605,-0.112,-0.981,0.216,-0.351,1.783,-0.202,0,78
41658,-0.12,-0.981,0.198,-0.875,1.501,-3.371,0,80
41711,-0.119,-0.987,0.229,-0.935,0.264,-2.948,0,79
41764,-0.113,-0.988,0.165,-2.447,-1.754,-5.656,0,81
41822,-0.131,-0.981,0.153,-2.173,-1.94,-4.618,0,81
41875,-0.125,-0.985,0.178,-0.713,-2.358,-2.115,0,79
41928,-0.125,-0.972,0.093,-1.453,-7.75,-3.725,0,78
41981,-0.132,-0.979,0.273,1.358,1.508,6.423,0,78
42035,-0.132,-0.976,0.225,1.087,-3.656,6.142,0,80
42088,-0.126,-0.982,0.176,0.231,-8.564,3.934,0,81
42141,-0.117,-0.979,0.301,4.371,4.451,21.571,0,77
42194,-0.117,-0.978,0.196,1.805,-6.617,8.727,0,75
42248,-0.109,-0.984,0.113,-0.785,-14.414,-1.848,0,74
42304,-0.099,-0.985,0.203,1.742,-4.176,10.144,0,72
42357,-0.097,-0.976,0.154,0.008,-8.162,1.762,0,70
42409,-0.106,-0.979,0.141,-0.631,-9.629,-0.322,0,69
42463,-0.104,-0.982,0.112,-0.605,-10.045,-1.852,0,70
42516,-0.108,-0.977,0.211,1.054,-2.069,1.98,0,70
42568,-0.121,-0.981,0.242,1.808,-0.244,2.027,0,69
42621,-0.119,-0.98,0.195,0.32,-2.672,0.186,0,70
42675,-0.121,-0.975,0.147,-0.221,-4.018,-0.25,0,69
42727,-0.123,-0.975,0.3,0.885,1.924,4.122,0,69
42783,-0.121,-0.973,0.224,0.07,-2.384,2.2,0,71
42836,-0.131,-0.975,0.211,-0.181,-2.251,2.827,0,70
42890,-0.129,-0.97,0.211,-0.31,-2.446,3.567,0,70
42942,-0.12,-0.98,0.153,-1.522,-5.901,0.938,0,71
42995,-0.117,-0.982,0.193,-1.252,-3.501,4.126,0,72
43048,-0.113,-0.975,0.186,-1.894,-3.666,2.544,0,71
43145,-0.113,-0.988,0.222,-1.133,-4.452,4.851,0,72
43198,-0.104,-0.975,0.173,-1.553,-4.243,1.315,0,73
43251,-0.119,-0.979,0.244,0.117,0.283,5.297,0,71
43304,-0.116,-0.97,0.283,0.529,0.344,6.644,0,71
43355,-0.111,-0.98,0.212,-0.683,-2.437,3.259,0,71
43408,-0.125,-0.976,0.268,0.293,0.996,5.987,0,70
43462,-0.126,-0.978,0.283,0.393,1.178,7.537,0,79
43515,-0.115,-0.974,0.166,-1.755,-5.878,0.712,0,79
43569,-0.123,-0.977,0.161,-1.397,-6.37,1.238,0,79
43623,-0.12,-0.977,0.181,-0.296,-5.472,3.263,0,77
43676,-0.121,-0.975,0.203,-0.069,-4.06,5.193,0,77
43729,-0.124,-0.978,0.3,1.399,4.04,15.937,0,76
43783,-0.123,-0.977,0.256,0.881,-0.852,10.361,0,76
43840,-0.123,-0.981,0.18,0.325,-5.342,3.886,0,77
43893,-0.126,-0.984,0.12,-0.354,-8.244,-2.027,0,77
43947,-0.126,-0.979,0.225,2.205,-1.848,9.48,0,76
44000,-0.122,-0.976,0.187,0.975,-5.918,4.476,0,77
44054,-0.112,-0.988,0.221,2.598,-3.488,7.225,0,77
44107,-0.12,-0.983,0.149,-0.113,-8.044,-0.276,0,75
44161,-0.126,-0.98,0.098,-2.443,-13.726,-5.101,0,77
44215,-0.131,-0.974,0.328,8.02,8.331,18.355,0,75
44268,-0.135,-0.973,0.164,-0.21,-15.693,-0.123,0,76
44324,-0.141,-0.962,0.271,6.057,-2.201,12.622,0,75
44378,-0.135,-0.975,0.298,10.098,4.322,16.852,0,69
44431,-0.157,-0.945,0.32,9.873,6.119,19.222,0,68
44484,-0.166,-0.965,0.18,-1.67,-32.009,-2.062,0,70
44537,-0.147,-0.964,0.223,2.44,-20.896,4.213,0,72
44591,-0.198,-0.92,0.302,5.188,-8.539,13.162,0,66
44644,-0.221,-0.913,0.293,4.345,-27.977,13.258,0,66
44697,-0.141,-0.909,0.158,-1.395,-30.672,-0.473,0,66
44750,-0.213,-1.033,0.465,8.119,17.937,29.305,0,66
44807,-0.417,-1.374,0.5,11.705,-38.076,8.311,0,67
44860,-0.322,-1.532,0.466,29.45,-80.267,6.345,0,63
44912,-0.206,-1.278,0.247,72.069,-111.397,31.489,0,64
44965,0.061,-0.965,0.058,111.565,-103.183,91.748,0,67
45020,0.135,-0.643,-0.007,122.679,-39.542,123.107,0,68
45073,0.123,-0.798,-0.083,104.092,31.046,108.817,0,65
45126,-0.019,-0.549,0.057,46.069,88.824,-3.265,0,66
45179,-0.255,-0.153,0.523,-64.023,65.198,-71.878,0,73
45233,-0.314,-0.466,0.803,-153.855,-53.885,-78.626,0,66
45289,0.057,-0.826,0.255,-91.267,-97.603,-75.305,0,65
45342,0.155,-0.461,0.27,-42.298,1.868,-41.603,0,66
45396,-0.115,-0.597,0.335,-67.504,53.443,-36.997,0,80
45451,-0.397,-1.589,0.222,-64.679,84.214,-52.336,0,84
45506,-0.487,-1.784,0.097,-31.595,84.71,-94.748,0,95
45566,-0.318,-1.011,0.573,-37.656,78.473,-53.687,0,198
45625,-0.553,-1.261,0.425,-61.779,-130.708,-23.959,5,45
45685,-0.344,-0.903,0.406,2.34,-52.366,-3.288,0,187
45746,-0.347,-0.889,0.224,-26.29,-86.244,-46.977,0,189
45803,-0.077,-1.011,0.066,20.611,-64.992,-37.771,87,190
45900,0.081,-1.177,-0.029,27.351,93.588,42.595,85,196
45955,-0.103,-1.266,0.066,21.756,132.473,56.084,83,0
46007,-0.065,-0.554,0.288,32.504,145.313,80.832,0,54
46060,-0.394,-0.799,0.615,-2.478,70.939,65.489,0,56
46112,-0.292,-0.936,0.539,6.641,-55.412,42.611,0,61
46166,-0.097,-1.046,0.288,-13.198,-119.427,4.754,0,60
46212,0.107,-0.895,0.119,-13.472,-81.664,-4.138,77,58
46261,0.11,-0.849,0.227,0.484,-9.781,9.661,76,59
46306,-0.035,-0.869,0.385,-25.107,13.221,4.148,76,59
46352,-0.087,-1.18,0.32,-13.916,14.16,-1.648,76,58
46398,-0.129,-1.033,0.377,-12.489,10.435,-34.84,77,57
46444,0.019,-0.877,0.072,2.448,22.359,-28.747,77,54
46489,-0.048,-0.862,0.222,5.379,54.336,15.484,79,58
46535,-0.146,-1.064,0.268,1.427,50.595,20.058,81,60
46588,-0.164,-1.014,0.272,6.836,37.275,6.498,0,59
46635,-0.193,-0.967,0.266,-11.939,8.253,-13.794,84,59
46693,-0.122,-0.995,0.184,-5.616,-2.411,-30.252,0,106
46748,-0.171,-0.978,0.247,-14.611,0.736,-35.351,0,90
46800,-0.167,-0.981,0.186,-11.277,-21.316,-30.908,0,51
46848,-0.071,-1.0,0.301,9.781,16.438,38.322,86,59
46893,-0.048,-0.968,0.141,0.434,11.209,11.11,86,51
46939,-0.117,-0.983,0.223,3.888,23.748,32.636,87,54
46992,-0.143,-0.977,0.214,4.388,20.45,28.056,0,52
47047,-0.156,-0.986,0.127,0.098,-2.261,4.309,0,102
47102,-0.114,-0.983,0.175,2.675,6.083,28.286,0,103
47167,-0.129,-0.99,0.199,-0.508,0.102,32.705,0,119
47219,-0.111,-0.986,0.243,0.827,0.058,40.311,0,56
47270,-0.119,-0.986,0.174,-4.563,-9.758,16.477,0,52
47315,-0.104,-0.98,0.171,-3.054,-5.823,13.118,86,52
47361,-0.137,-0.987,0.18,-6.25,-11.025,6.683,85,53
47410,-0.104,-1.004,0.255,3.826,3.066,9.034,85,119
47458,-0.123,-0.98,0.126,-8.341,-13.539,-3.294,84,120
47507,-0.134,-1.004,0.117,-9.2,-19.828,-6.289,85,118
47552,-0.125,-0.986,0.124,-7.67,-15.992,-5.947,85,52
47600,-0.117,-0.986,0.221,1.108,0.166,0.482,85,58
47645,-0.109,-0.981,0.104,-6.827,-11.41,-1.284,85,49
47690,-0.146,-0.988,0.093,-10.729,-18.052,-0.649,85,46
47734,-0.12,-0.987,0.185,-1.054,-5.668,3.906,85,53
47779,-0.112,-0.992,0.099,-7.71,-11.007,1.622,84,53
47828,-0.13,-0.994,0.12,-5.038,-8.017,3.376,84,125
47883,-0.117,-0.979,0.008,-13.008,-18.384,-1.445,84,198
47932,-0.107,-0.972,0.057,-8.976,-9.654,5.077,84,120
47980,-0.113,-0.977,0.211,2.5,2.903,13.403,84,117
48032,-0.113,-0.966,0.059,-11.262,-1.198,1.597,84,132
48078,-0.115,-0.965,0.109,-11.969,-1.883,-0.082,85,55
48128,-0.113,-0.971,0.08,-13.954,-3.77,-2.353,86,118
48176,-0.119,-0.968,0.16,-16.695,-1.844,-0.134,86,119
48226,-0.106,-0.969,0.073,-17.74,-0.884,-5.204,86,135
48274,-0.124,-1.001,0.211,-18.718,4.877,0.979,88,101
48331,-0.127,-1.026,0.312,-17.0,15.913,5.204,0,137
48431,-0.103,-1.091,0.05,-23.958,-10.341,-19.861,0,138
48493,-0.073,-1.088,-0.016,4.257,22.595,-0.431,0,185
48548,-0.077,-0.985,0.022,-5.685,34.626,-5.078,0,101
48603,-0.059,-0.798,0.049,3.921,42.191,-13.282,0,105
48654,-0.068,-0.608,0.409,35.354,34.16,0.425,129,103
48704,0.03,-0.661,0.278,60.771,28.29,-8.066,127,99
48756,0.087,-1.165,0.13,62.802,57.908,-5.976,170,88
48805,-0.042,-1.85,0.268,-3.501,14.405,32.84,123,70
48851,0.159,-1.207,0.169,39.824,11.74,57.748,79,88
48901,-0.004,-0.633,0.176,26.863,0.186,82.893,119,70
48953,-0.063,-0.591,0.067,6.431,-11.753,31.305,119,89
49001,0.003,-0.528,0.001,9.698,27.298,15.275,119,68
49050,0.001,-0.633,-0.043,-7.808,30.809,-39.637,143,66
49094,-0.157,-1.293,-0.021,-2.436,41.916,-13.628,58,64
49139,-0.226,-1.676,-0.081,-8.269,49.733,-37.046,52,63
49183,-0.211,-1.343,-0.062,-2.933,33.344,-6.223,54,69
49228,-0.349,-1.304,0.071,-16.588,-42.117,37.611,51,75
49272,-0.126,-1.226,-0.121,-3.833,-39.145,62.802,51,69
49320,-0.067,-0.971,0.01,3.016,-34.084,91.191,109,71
49372,-0.13,-1.096,0.014,-15.115,-49.221,91.031,107,73
49419,-0.097,-1.053,0.031,7.648,-50.756,52.885,106,74
49467,-0.145,-1.136,0.044,-13.863,-50.611,-40.954,105,81
49516,-0.178,-1.154,0.164,-1.799,-47.298,-39.901,106,80
49564,-0.208,-1.257,0.147,-11.737,-52.389,-62.771,106,79
49611,-0.204,-1.307,0.163,-7.134,-60.489,-78.588,106,75
49660,-0.01,-1.006,0.11,31.672,-34.069,-56.74,106,79
49705,-0.073,-0.886,0.308,24.13,2.928,-9.733,61,79
49758,-0.167,-0.92,0.43,25.931,22.56,9.981,132,66
49805,-0.139,-0.961,0.346,20.656,-26.305,-11.832,107,65
49853,-0.095,-1.023,0.404,26.351,-27.718,-1.261,107,66
49898,-0.105,-1.102,0.478,20.626,-38.855,-9.493,106,31
49944,-0.14,-1.045,0.672,22.641,-78.908,10.095,106,46
49990,-0.052,-0.967,0.566,47.786,-124.183,19.576,106,46
50042,0.101,-0.775,0.433,63.954,-128.626,7.847,0,42
50096,0.169,-0.677,0.259,63.137,-86.824,9.588,0,63
50152,0.16,-0.304,0.22,46.947,-2.301,-11.841,0,61
50204,-0.019,-0.555,0.249,-5.74,31.412,-15.398,142,60
50254,-0.114,-0.684,0.355,3.573,11.183,36.397,171,53
50307,-0.041,-0.942,0.24,3.038,-22.595,45.603,0,48
50362,0.05,-0.761,0.235,-15.015,-16.138,83.74,0,58
50414,0.173,-0.923,0.021,-33.046,11.282,119.45,0,36
50465,0.164,-1.177,0.052,-60.794,41.137,104.779,0,36
50516,0.055,-1.117,0.227,-67.107,33.183,80.725,0,35
50571,0.01,-1.153,0.316,-50.313,14.939,63.527,0,38
50623,0.036,-1.097,0.225,-54.649,18.618,35.885,0,38
50679,-0.104,-0.951,0.375,-51.321,55.748,12.005,0,71
50733,-0.482,-0.927,0.499,-40.45,32.473,-27.173,0,71
50785,-0.371,-0.82,0.432,-13.455,-20.24,-26.519,0,62
50838,-0.386,-0.903,0.321,34.532,14.634,-45.252,0,58
50890,-0.61,-0.809,0.243,38.382,40.336,-20.356,0,55
50975,-0.559,-0.772,0.286,54.275,11.099,2.246,31,28
51016,-0.429,-0.677,0.366,68.115,19.847,14.056,33,25
51057,-0.406,-0.576,0.46,72.366,36.87,5.953,32,22
51098,-0.297,-0.472,0.417,73.511,49.244,37.214,32,21
51143,-0.361,0.064,0.65,40.0,25.275,52.763,33,54
51193,-0.589,-0.519,0.686,-37.459,-32.031,45.176,0,15
51248,-0.569,-0.799,0.47,39.835,-27.817,50.992,0,73
51291,-0.656,-0.775,0.467,55.237,-61.771,54.817,29,70
51344,-0.851,-0.689,0.522,63.336,-99.137,56.779,0,68
51388,-0.559,-0.597,0.385,93.588,-92.305,90.969,29,71
51432,-1.208,-0.899,0.673,96.954,-76.977,31.954,33,73
51476,-1.139,-1.156,0.62,156.244,-118.939,-13.5,37,68
51523,-0.228,-1.267,0.115,161.275,-53.092,-77.122,37,75
51568,-0.251,-1.182,0.588,56.221,126.832,-172.214,37,79
51620,-0.049,-0.427,0.924,5.872,151.115,-93.267,156,94
51670,-0.555,-0.654,1.436,-23.931,41.664,-40.29,151,44
51722,-0.441,-1.114,1.187,-37.427,-126.504,-97.794,0,46
51765,0.047,-0.438,0.301,98.099,-39.023,-131.802,38,47
51811,-0.337,0.05,1.038,-59.298,35.527,-162.0,114,39
51853,-0.421,-0.822,0.622,-44.542,15.773,-145.542,32,42
51895,-0.532,-0.498,1.248,30.206,-70.916,-111.389,32,38
51941,-0.06,-0.961,0.863,22.916,-97.634,-136.168,31,49
51984,0.103,-0.855,1.101,32.565,-79.763,-166.26,32,46
52030,0.113,-0.749,0.872,42.763,-63.527,-200.321,34,116
52081,0.027,-0.689,0.888,4.373,-64.427,-194.359,39,185
52131,0.34,-0.525,0.75,-16.542,-110.794,-179.626,37,177
52184,0.594,-0.295,0.381,-62.412,-43.931,-250.137,44,0
52236,0.333,0.168,0.874,-137.969,-3.543,-191.573,44,0
52289,0.273,-1.014,0.335,-30.611,-154.351,-62.008,60,0
52349,0.646,0.204,0.381,69.908,-117.489,-71.939,130,0
52401,0.846,0.395,0.521,-35.771,-49.756,46.458,29,0
52452,0.834,-0.314,0.361,31.412,-54.908,92.679,27,0
52501,0.77,-0.204,0.344,83.275,-53.565,106.565,24,178
52551,1.078,0.062,0.285,83.038,33.187,100.031,23,179
52600,0.811,-0.086,0.53,57.947,60.282,69.588,23,183
52652,0.903,-0.432,0.919,64.397,-27.267,122.977,22,0
52703,1.0,-0.592,0.674,92.061,-95.817,44.695,19,0
52763,1.253,-0.314,0.175,100.565,-59.542,-26.939,0,0
52828,0.823,-0.032,0.269,71.618,20.092,-44.634,0,0
52889,0.78,-0.017,0.336,47.916,27.595,-8.626,0,0
52951,0.708,-0.248,0.556,27.221,-34.046,-33.459,0,0
53008,1.109,-0.083,0.334,27.893,-46.099,-29.115,150,0
53069,1.117,-0.073,0.247,36.168,39.519,-30.237,0,0
53131,0.819,0.06,0.405,33.87,71.687,3.355,0,0
53191,0.695,-0.101,0.756,27.534,14.229,-42.343,0,0
53253,0.9,-0.01,0.584,40.466,-33.076,-47.489,0,0
53314,0.862,0.035,0.403,50.344,25.824,-42.183,0,0
53367,0.714,0.191,0.477,50.176,28.656,-42.305,3,0
53425,0.871,0.166,0.564,51.168,30.023,-49.137,156,0
53486,0.813,0.161,0.469,64.305,26.527,-73.939,0,0
53587,0.61,0.451,0.369,77.916,15.809,-100.924,152,0
53646,0.471,0.63,0.374,67.366,1.488,-102.13,153,0
53703,0.482,0.772,0.386,24.42,-2.525,-100.053,155,93
53755,0.503,0.595,0.335,6.421,13.534,-96.817,171,82
53807,0.311,2.0,0.593,-18.885,-6.651,-70.107,173,72
53858,0.346,0.316,0.019,-40.863,-43.13,-59.58,150,85
53910,0.221,0.844,0.519,37.351,-15.743,-99.382,151,65
53959,0.151,0.917,0.539,22.771,-28.855,-77.832,152,64
54009,0.156,0.772,0.413,22.015,-30.341,-69.519,153,62
54059,0.102,0.929,0.483,23.74,-3.885,-63.145,155,60
54109,0.101,0.847,0.434,28.145,18.287,-57.153,157,59
54155,0.033,0.815,0.399,41.328,13.035,-70.504,98,60
54202,0.033,0.903,0.352,48.015,14.786,-69.153,127,54
54252,-0.074,0.873,0.302,50.069,34.145,-69.748,165,51
54302,-0.213,0.92,0.243,54.779,41.748,-66.298,172,54
54354,-0.146,0.892,0.049,58.122,49.855,-57.412,169,50
54405,-0.511,0.795,0.078,67.817,61.786,-68.817,171,45
54455,-0.415,0.826,0.059,79.084,25.237,-81.053,174,49
54508,-0.654,0.835,-0.038,82.695,-16.406,-80.046,190,86
54562,-0.625,0.876,-0.151,74.466,-56.763,-66.634,0,87
54620,-0.559,0.775,-0.277,70.947,-39.687,-52.824,0,155
54675,-0.604,0.787,-0.246,48.809,-35.534,-53.397,0,112
54731,-0.627,0.67,-0.327,44.252,7.365,-52.115,0,137
54791,-0.706,0.706,-0.311,36.214,33.664,-41.168,0,134
54851,-0.72,0.625,-0.346,35.771,40.809,-33.344,0,0
54902,-0.867,0.647,-0.285,28.725,-9.61,-29.397,0,38
54958,-0.667,0.55,-0.398,24.863,-9.595,-28.086,0,39
55000,-0.695,0.59,-0.431,24.481,21.382,-70.106,52,35
55041,-0.743,0.506,-0.422,28.462,34.496,-11.48,54,11
55083,-0.783,0.455,-0.398,26.656,9.052,-22.236,53,10
55124,-0.729,0.495,-0.472,20.74,-3.227,-33.756,54,34
55165,-0.722,0.469,-0.53,30.086,-7.7,-45.557,57,7
55209,-0.846,0.428,-0.526,-12.351,-27.45,-7.297,55,8
55250,-0.81,0.412,-0.407,-18.71,-35.466,-3.791,55,6
55291,-0.796,0.405,-0.346,-15.527,-28.282,-10.497,55,5
55332,-0.805,0.43,-0.325,-16.247,-24.366,-33.006,54,6
55373,-0.829,0.397,-0.325,-9.011,-26.542,-29.382,55,5
55414,-0.876,0.37,-0.32,-4.154,-27.756,-29.962,57,4
55455,-0.891,0.352,-0.316,-10.009,-28.763,-31.908,56,5
55496,-0.897,0.341,-0.289,-11.427,-26.641,-21.202,56,4
55537,-0.905,0.338,-0.249,-2.602,-2.599,-0.064,60,4
55581,-0.895,0.327,-0.249,-0.642,-5.06,-3.293,59,4
55622,-0.884,0.323,-0.245,3.634,3.169,3.915,61,3
55663,-0.869,0.293,-0.243,5.003,-22.252,13.817,63,3
55704,-0.892,0.282,-0.227,-10.053,-26.458,-36.477,58,3
55745,-0.899,0.265,-0.215,-13.218,-31.153,-27.229,57,3
55786,-0.926,0.269,-0.169,-31.782,-31.588,-32.237,17,5
55827,-0.929,0.232,-0.146,-2.858,-30.969,-34.405,58,2
55868,-1.116,0.208,-0.192,-20.521,-40.668,-38.153,54,2
55912,-0.993,0.152,-0.067,6.117,-12.043,-26.992,56,2
55995,-0.984,0.142,-0.158,10.286,4.791,4.019,50,2
56036,-0.969,0.136,-0.149,0.315,-2.361,4.217,51,2
56077,-0.956,0.141,-0.121,-6.798,-24.792,-5.266,55,2
56117,-0.947,0.134,-0.109,-1.121,-11.017,-5.209,51,2
56158,-0.953,0.133,-0.122,2.518,-5.147,-2.352,52,2
56199,-0.967,0.14,-0.126,-3.334,-16.035,-11.307,50,3
56239,-0.957,0.108,-0.107,-0.984,-3.937,-4.447,52,4
56280,-0.979,0.093,-0.097,-19.693,-26.931,-28.859,48,2
56324,-0.955,0.07,-0.056,-16.87,-33.16,-31.953,47,2
56364,-0.965,0.02,0.03,1.296,-30.176,-3.687,51,3
56404,-0.98,0.1,-0.038,-5.942,-9.425,-8.847,49,5
56445,-0.966,0.054,-0.015,-4.419,-20.441,-6.94,15,5
56485,-0.97,0.053,-0.035,1.217,0.772,1.861,49,4
56526,-0.973,0.06,-0.036,1.43,-0.251,4.028,50,4
56566,-0.978,0.057,-0.026,-0.437,-4.89,2.771,49,4
56607,-0.969,0.051,-0.025,1.088,2.559,5.745,52,4
56648,-0.971,0.051,-0.023,0.226,1.304,3.965,51,4
56691,-0.974,0.053,-0.023,-0.179,-1.246,3.42,50,3
56732,-0.966,0.058,-0.016,-4.096,-13.041,-0.335,46,3
56773,-0.967,0.055,-0.03,-2.437,-4.194,-0.224,49,3
56813,-0.986,0.045,-0.021,-4.265,-11.384,-0.547,49,3
56854,-0.965,0.04,0.004,-0.765,-3.399,0.687,51,3
56895,-0.974,0.041,0.001,0.402,0.516,2.381,51,2
56935,-0.967,0.04,0.005,-0.108,-1.328,3.213,50,2
56976,-0.973,0.041,0.001,0.701,-0.041,4.158,50,2
57016,-0.971,0.038,-0.01,-2.376,-7.014,-0.391,47,2
57057,-0.969,0.044,-0.007,-1.986,-4.152,1.216,49,2
57100,-0.978,0.039,-0.009,-6.595,-16.057,-1.652,46,3
57141,-0.971,0.033,0.003,0.191,-1.532,0.929,51,3
57182,-0.985,0.027,-0.004,-5.626,-15.511,-0.224,47,3
57223,-0.961,0.035,0.008,-2.096,-11.066,0.32,48,4
57263,-0.975,0.032,0.009,2.502,4.126,1.356,51,2
57304,-0.972,0.026,0.023,-6.992,-29.823,-3.645,47,2
57345,-0.984,0.038,0.014,-16.247,-52.342,-10.544,47,2
57384,-1.007,-0.079,0.047,-12.89,-33.061,-5.556,47,2
57425,-0.967,0.008,0.069,0.573,-31.542,3.988,50,2
57469,-0.963,0.037,0.148,-3.049,-24.656,2.259,48,3
57510,-0.959,-0.039,0.05,-5.307,-21.649,-0.372,45,6
57550,-0.961,0.009,0.195,0.991,1.122,1.847,48,6
57591,-0.969,0.006,0.242,2.023,11.461,2.781,49,10
57632,-0.969,0.009,0.185,-1.004,-21.733,1.48,47,11
57674,-0.969,0.009,0.147,-6.273,-27.275,-0.557,47,11
57715,-0.974,-0.001,0.178,-8.724,-32.878,-1.941,48,11
57756,-0.954,-0.086,0.1,-18.301,-39.954,-4.09,46,4
57797,-0.949,-0.087,0.145,-16.311,-40.641,-1.943,46,3
57841,-0.948,-0.007,0.25,-9.704,-31.244,1.533,48,3
57881,-0.907,-0.123,0.188,-14.031,-24.618,-0.02,44,3
57922,-0.928,-0.03,0.323,-4.049,-17.983,3.324,48,3
57963,-0.912,-0.026,0.296,-3.319,-17.795,2.453,48,3
58002,-0.909,0.065,0.423,1.712,7.073,6.773,21,3
58085,-0.921,-0.059,0.253,-2.589,-14.982,0.908,22,3
58124,-0.917,-0.007,0.339,-0.674,-4.816,3.968,22,3
58165,-0.918,-0.003,0.353,-0.679,-4.392,4.185,48,3
58206,-0.917,0.006,0.33,-1.396,-1.745,4.853,50,3
58249,-0.913,-0.058,0.333,-5.667,-17.218,0.721,21,3
58288,-0.914,-0.064,0.335,-6.895,-20.401,0.406,21,3
58329,-0.907,0.069,0.354,2.22,7.377,8.875,49,3
58368,-0.906,-0.026,0.349,-3.201,-12.305,3.296,23,3
58408,-0.901,0.015,0.363,0.592,-2.145,6.464,48,4
58449,-0.902,-0.011,0.367,-0.881,-4.549,4.74,50,3
58489,-0.899,0.004,0.372,-1.872,-1.753,5.107,20,3
58528,-0.899,0.01,0.376,0.31,0.391,6.756,20,3
58570,-0.893,0.064,0.364,2.52,4.719,9.196,56,3
58614,-0.901,-0.08,0.372,-4.292,-13.207,-0.439,55,3
58655,-0.895,0.053,0.371,1.655,3.214,8.598,51,3
58696,-0.887,0.022,0.364,-0.664,-1.772,6.351,51,3
58738,-0.895,-0.078,0.383,-5.244,-10.014,2.797,49,3
58779,-0.885,-0.109,0.388,-6.431,-13.126,0.433,48,3
58820,-0.895,-0.127,0.387,-4.591,-8.587,-2.64,47,3
58861,-0.903,-0.005,0.386,1.749,-1.717,4.117,51,3
58902,-0.894,-0.004,0.432,-3.391,-1.118,11.122,53,3
58943,-0.888,-0.117,0.389,-2.691,-9.225,-1.766,47,3
58987,-0.849,-0.097,0.281,-3.72,10.954,1.196,48,3
59029,-0.923,-0.064,0.358,-1.756,3.96,0.343,57,3
59070,-0.895,0.016,0.366,-5.571,4.157,6.742,58,3
59112,-0.919,-0.119,0.354,-7.485,-13.414,-4.434,54,3
59153,-0.9,0.013,0.291,-1.236,14.271,8.267,51,3
59194,-0.954,-0.026,0.414,-9.63,0.041,9.703,52,3
59235,-0.861,-0.018,0.424,-0.529,-13.919,6.778,49,3
59281,-0.913,-0.03,0.369,-0.303,1.8,4.951,49,3
59321,-0.898,0.004,0.351,3.875,11.525,10.904,51,3
59364,-0.897,0.012,0.372,-7.295,15.489,6.72,50,4
59405,-0.879,0.021,0.377,-15.244,8.215,9.78,51,4
59445,-0.952,-0.122,0.333,-8.72,-22.653,-4.947,47,4
59485,-0.896,0.017,0.369,5.467,-10.55,0.919,51,4
59525,-0.87,-0.034,0.377,1.216,-1.808,0.832,50,4
59565,-0.932,-0.098,0.329,5.43,-2.697,-2.685,48,4
59604,-0.9,0.029,0.361,3.26,9.371,7.849,52,4
59645,-0.902,-0.035,0.357,-4.856,2.112,4.944,50,3
59685,-0.952,0.004,0.331,0.266,-3.7,4.891,51,3
59725,-0.879,0.0,0.363,-5.758,-15.091,5.457,50,4
59768,-0.89,0.023,0.342,3.71,6.068,5.083,52,4
59808,-0.882,-0.077,0.369,-0.254,-1.879,4.503,48,4
59849,-0.941,0.002,0.352,11.334,14.511,5.561,52,3
59889,-0.922,-0.028,0.329,-1.189,1.604,1.795,49,3
59929,-0.913,-0.024,0.343,-5.818,-13.664,0.948,51,3
59969,-0.924,-0.06,0.335,-3.524,-28.594,1.004,49,4
60010,-0.875,-0.08,0.351,-5.068,-30.951,1.298,48,4
60050,-0.878,-0.027,0.368,-0.514,-11.625,0.472,49,3
60090,-0.867,0.012,0.385,1.109,6.391,2.338,50,3
60177,-0.918,0.057,0.359,7.652,11.74,7.697,52,3
60217,-0.944,-0.084,0.327,-2.223,-6.501,-0.396,48,3
60257,-0.922,0.032,0.37,-1.633,-8.062,4.195,51,4
60298,-0.899,-0.111,0.335,-8.248,-20.269,1.108,49,4
60338,-0.876,0.005,0.37,5.93,0.255,4.241,51,4
60378,-0.891,-0.001,0.379,3.374,1.909,1.554,51,4
60419,-0.905,-0.06,0.37,-0.779,1.374,3.845,50,4
60459,-0.919,-0.006,0.351,0.384,2.136,6.289,51,4
60498,-0.928,-0.013,0.349,-0.503,-10.022,3.906,50,4
60542,-0.895,-0.038,0.371,-2.429,-13.718,2.068,50,3
60582,-0.878,-0.02,0.385,0.288,-5.626,4.421,51,3
60623,-0.869,-0.039,0.371,1.528,11.748,4.67,51,4
60663,-0.908,0.042,0.357,19.15,20.565,8.197,52,4
60703,-0.916,-0.029,0.354,-2.101,1.732,2.625,49,4
60744,-0.921,-0.012,0.361,-3.679,-7.139,2.626,50,4
60784,-0.904,-0.011,0.344,-5.857,-3.457,5.259,51,4
60825,-0.899,-0.019,0.335,3.303,0.14,3.924,51,4
60865,-0.906,-0.023,0.366,1.23,-7.819,-0.017,50,4
60909,-0.902,-0.021,0.342,0.946,-1.182,1.659,50,4
60949,-0.905,-0.055,0.354,-0.903,-8.412,4.146,49,4
60989,-0.905,-0.003,0.363,-0.178,-3.699,4.048,51,4
61030,-0.891,-0.035,0.375,-2.11,-11.143,1.416,57,3
61071,-0.898,0.041,0.378,2.233,4.394,6.087,52,3
61111,-0.91,-0.027,0.356,-0.562,-8.808,4.246,51,3
61152,-0.892,0.028,0.395,-2.76,-6.627,3.285,52,3
61192,-0.881,-0.091,0.358,-3.343,-1.34,1.272,50,3
61233,-0.904,-0.027,0.359,5.13,11.214,5.861,51,4
61277,-0.903,0.025,0.38,2.496,7.538,4.797,57,4
61317,-0.917,-0.031,0.351,-0.473,-1.123,2.555,50,4
61358,-0.911,0.025,0.347,0.948,1.157,8.636,52,4
61399,-0.907,-0.054,0.353,-1.655,-11.987,0.831,57,4
61438,-0.893,-0.005,0.388,-3.876,-9.659,2.626,51,3
61480,-0.897,-0.053,0.347,-1.169,-2.405,2.804,59,3
61520,-0.917,-0.032,0.36,0.574,3.144,4.019,51,4
61561,-0.904,-0.047,0.368,-0.626,-2.21,1.057,49,4
61601,-0.888,0.082,0.38,1.62,6.192,13.32,53,4
61642,-0.885,-0.092,0.368,-1.924,1.182,-1.023,48,4
61686,-0.915,-0.007,0.331,5.88,10.183,4.763,50,4
61726,-0.913,-0.056,0.359,-2.074,-0.13,-3.866,49,3
61767,-0.9,-0.033,0.331,-0.231,8.901,3.272,51,3
61815,-0.925,0.003,0.354,8.862,11.121,6.124,48,3
61855,-0.921,0.083,0.262,0.559,4.435,6.056,47,3
61895,-0.918,-0.067,0.329,-13.023,-1.245,5.913,48,3
61935,-0.923,-0.029,0.308,0.62,-11.346,0.311,48,3
61974,-0.922,-0.037,0.329,-0.792,-18.926,0.777,21,4
62012,-0.88,0.002,0.354,-1.68,-3.03,4.19,21,3
62053,-0.901,0.005,0.388,3.871,10.687,5.376,21,3
62094,-0.924,0.002,0.347,9.177,11.626,8.547,48,3
62134,-0.931,0.006,0.316,0.618,10.359,4.545,48,3
62174,-0.924,-0.038,0.291,-1.186,8.326,2.552,48,3
62255,-0.945,0.052,0.319,6.2,-0.162,9.156,22,3
62295,-0.918,0.151,0.228,-17.939,16.069,15.134,49,3
62334,-0.945,-0.219,0.385,-21.954,-5.854,6.227,47,3
62374,-0.925,-0.0,0.336,32.154,-4.047,3.437,50,3
62415,-0.926,0.121,0.244,24.643,-13.269,-2.48,50,3
62458,-0.884,0.103,0.265,-13.649,12.847,9.928,50,3
62498,-0.935,-0.183,0.353,-13.802,17.774,9.411,47,3
62538,-0.96,-0.159,0.35,11.314,-9.834,-0.905,47,3
62578,-0.978,0.117,0.183,4.426,-20.921,-3.596,49,3
62618,-0.988,0.185,0.304,-31.076,12.351,17.503,47,3
62657,-0.936,-0.218,0.398,-24.534,-15.171,5.491,20,3
62697,-0.924,-0.008,0.353,18.652,-33.0,2.164,50,3
62737,-0.899,0.146,0.407,17.029,-23.962,6.24,52,3
62778,-0.884,0.063,0.363,-17.023,12.534,6.796,49,3
62821,-0.891,-0.061,0.311,-2.888,10.817,8.493,50,3
62861,-0.932,0.015,0.392,25.043,11.092,6.936,53,3
62900,-0.942,0.041,0.352,7.069,10.443,10.047,21,3
62939,-0.928,-0.105,0.349,-14.672,13.176,2.988,20,3
62977,-0.95,-0.053,0.297,5.099,-2.004,0.496,20,3
63015,-0.95,0.122,0.228,-6.119,-25.714,-0.114,20,3
63055,-0.935,0.094,0.459,-20.466,18.351,6.812,47,3
63096,-0.917,0.075,0.308,23.2,12.23,10.406,52,3
63136,-0.955,-0.003,0.235,22.214,-25.557,-8.938,50,3
63179,-0.919,0.1,0.207,-13.053,0.888,6.869,48,3
63220,-0.933,-0.23,0.36,-12.58,-4.259,0.793,47,3
63260,-0.927,-0.071,0.314,11.139,-4.486,0.543,48,3
63300,-0.963,0.054,0.296,9.225,-4.968,7.154,49,3
63341,-0.942,0.122,0.353,-39.916,15.802,21.781,49,3
63381,-0.939,-0.074,0.417,-24.618,-30.695,11.959,51,3
63421,-0.927,-0.303,0.33,-4.188,-30.099,-18.416,46,3
63460,-0.899,0.155,0.295,15.952,-22.733,-7.835,20,3
63501,-0.871,0.155,0.349,-19.252,16.981,12.516,47,3
63544,-0.902,-0.097,0.263,-7.149,11.336,3.625,47,3
63584,-0.968,-0.045,0.28,13.772,1.67,2.39,48,3
63624,-0.873,0.256,-0.029,-7.576,23.679,8.524,48,3
63663,-0.961,-0.22,0.454,-40.328,-6.795,8.946,20,3
63704,-0.875,-0.083,0.335,2.056,-28.099,-0.783,48,3
63744,-0.927,0.0,0.291,18.503,-29.061,-3.701,50,3
63783,-0.797,0.102,0.345,-17.099,-0.266,3.082,47,3
63824,-0.881,-0.001,0.354,4.803,18.382,7.184,49,3
63864,-0.934,-0.086,0.286,25.282,15.733,1.54,48,3
63907,-0.923,0.031,0.274,-5.036,22.16,3.607,47,3
63948,-0.959,-0.136,0.17,-12.945,15.031,-5.403,46,3
63988,-0.963,0.02,0.211,5.016,-20.485,2.752,48,3
64027,-0.93,0.082,0.191,-12.031,-28.756,-1.62,20,3
64066,-0.892,-0.15,0.244,-8.9,-29.092,-4.578,21,3
64107,-0.899,0.019,0.329,6.931,-3.257,2.631,48,3
64147,-0.853,0.054,0.34,2.166,25.074,9.655,50,3
64187,-0.875,0.021,0.327,8.799,26.313,9.849,50,3
64226,-0.913,-0.119,0.206,3.088,38.878,-1.725,20,3
64310,-0.958,0.034,0.273,14.853,24.313,7.626,47,3
64353,-0.978,0.017,0.251,9.6,25.275,11.256,48,3
64394,-0.949,-0.056,0.184,-10.083,-2.569,1.371,46,3
64434,-0.954,-0.119,0.188,-0.024,-12.75,1.791,47,3
64473,-0.877,0.03,0.235,2.177,-3.313,-2.471,20,3
64513,-0.935,-0.124,0.171,-2.552,15.702,-6.912,48,3
64553,-0.945,0.038,0.241,22.588,31.641,5.58,48,3
64593,-0.962,-0.244,0.347,31.695,26.634,-2.288,45,3
64634,-0.947,0.033,0.307,33.344,43.878,35.121,50,2
64674,-0.914,0.051,0.204,34.756,31.321,20.15,49,2
64718,-0.967,0.067,0.036,31.405,31.794,-1.647,47,2
64758,-1.025,0.106,0.02,26.29,43.29,10.586,48,2
64799,-0.999,0.066,-0.029,20.916,33.771,39.451,51,2
64840,-1.025,0.104,-0.079,21.894,35.855,29.527,50,9
64881,-1.02,0.157,-0.053,9.602,25.42,40.435,49,2
64921,-0.989,0.137,-0.068,-1.793,17.466,33.527,48,2
64962,-0.97,0.166,-0.098,10.588,15.802,25.237,52,2
65003,-1.024,0.181,-0.067,4.66,10.189,28.061,51,2
65044,-0.984,0.164,-0.094,-1.734,-14.316,29.069,54,2
65088,-0.963,0.216,-0.114,-0.419,-0.113,29.366,57,3
65129,-0.902,0.227,-0.18,-3.918,11.229,31.397,57,3
65170,-0.958,0.243,-0.176,-16.764,32.191,33.809,55,4
65212,-1.021,0.277,-0.173,-12.947,38.214,42.145,61,4
65253,-1.131,0.277,-0.173,-21.145,23.809,50.092,57,5
65303,-1.143,0.269,-0.22,-26.718,19.901,71.641,0,7
65352,-1.11,0.282,-0.216,-24.855,22.997,96.74,0,11
65394,-1.044,0.372,-0.318,-31.855,19.519,120.641,53,12
65446,-1.063,0.576,-0.303,-49.336,39.809,143.015,0,49
65506,-0.806,0.663,-0.316,-64.351,18.321,170.527,0,120
65558,-0.58,0.736,-0.285,-71.389,13.198,159.16,0,55
65614,-0.438,0.938,-0.163,-73.695,19.061,119.321,0,55
65667,-0.382,1.032,-0.029,-97.496,14.374,105.985,183,62
65714,-0.273,0.692,0.327,-88.397,-5.847,101.099,98,53
65759,-0.166,0.497,0.279,-55.466,-41.031,91.298,74,55
65804,0.023,0.624,0.331,-31.107,-35.748,72.748,68,58
65849,0.125,0.686,0.292,-14.695,-19.681,63.321,67,59
65899,0.129,0.797,0.296,-4.688,4.254,50.687,94,60
65943,0.081,0.868,0.327,-3.257,-3.433,38.191,50,61
65990,0.069,0.961,0.2,-3.073,-18.312,28.107,93,62
66036,0.08,0.997,0.18,-1.028,-14.674,29.0,91,62
66083,0.066,1.037,0.173,-1.083,-11.842,32.489,91,62
66128,0.07,1.036,0.158,0.323,-8.452,36.809,90,52
66174,0.063,1.07,0.232,5.225,-5.668,38.611,90,56
66221,0.068,1.272,0.035,1.403,-3.811,39.977,89,51
66271,0.056,1.407,-0.057,-8.969,15.847,42.282,155,54
66318,0.077,1.451,-0.004,-19.965,52.16,51.824,97,57
66364,0.004,1.0,0.264,-67.641,26.573,64.305,36,59
66416,0.122,0.662,0.283,-77.809,-29.55,43.763,156,89
66461,0.302,0.551,0.326,-70.069,-28.855,38.733,28,90
66512,0.328,0.607,0.413,-53.267,-34.733,57.145,136,96
66608,0.553,0.447,0.437,-24.618,-83.55,42.115,139,107
66660,0.693,0.559,0.489,-17.336,-63.527,40.565,139,108
66717,0.735,0.762,0.389,-27.58,-38.092,33.389,131,0
66776,0.774,0.781,0.379,-40.855,-6.845,6.326,155,0
66823,0.648,0.709,0.456,-32.122,23.153,-7.701,139,0
66880,0.524,0.675,0.538,-14.473,26.0,-16.921,138,0
66937,0.441,0.657,0.504,3.659,15.91,2.391,130,0
66980,0.481,0.609,0.497,2.049,-15.597,5.173,131,0
67039,0.552,0.649,0.47,9.412,-4.475,8.988,149,0
67095,0.619,0.569,0.536,-1.629,-26.71,-10.054,129,0
67139,0.778,0.562,0.711,16.135,-37.038,-25.906,131,0
67196,0.706,0.857,0.696,33.206,-34.153,-27.16,141,0
67241,0.605,0.687,0.644,60.0,-46.0,-57.725,20,106
67297,0.445,0.859,0.511,81.008,-43.107,-72.71,135,106
67351,0.363,0.694,0.168,104.519,-27.626,-81.374,161,107
67405,0.224,0.748,-0.093,102.237,14.672,-55.473,133,144
67454,0.097,0.758,-0.266,89.824,28.267,-12.851,136,61
67510,0.139,0.913,-0.292,65.351,0.144,7.603,137,58
67558,0.281,0.982,-0.429,44.198,-11.685,9.763,143,59
67606,0.411,1.024,-0.477,-7.756,-10.853,-10.946,144,36
67651,0.396,1.056,-0.331,7.526,25.389,-6.782,110,36
67696,0.27,1.038,-0.192,-4.522,36.481,-12.9,108,36
67752,0.203,0.958,-0.116,-12.354,27.84,-30.891,109,35
67802,0.158,0.975,-0.042,2.582,18.351,-1.601,110,56
67851,0.143,0.97,-0.082,-0.602,6.231,-8.973,111,56
67900,0.202,1.047,-0.129,-3.184,4.471,-7.494,111,55
67949,0.183,1.111,-0.115,-20.109,19.076,-30.754,33,16
67998,0.155,1.108,0.01,-12.275,10.435,-14.895,111,51
68047,0.214,0.916,0.309,8.646,23.502,7.557,111,59
68096,0.34,0.573,0.206,-11.044,-44.679,3.474,112,52
68145,0.364,0.633,0.119,29.321,-28.504,8.603,113,54
68196,0.254,0.748,0.024,55.901,-11.826,-2.152,115,30
68239,0.166,1.001,-0.194,66.969,13.878,2.637,37,29
68283,0.036,1.066,-0.259,43.191,-15.14,11.896,42,25
68326,-0.076,1.038,-0.277,-2.409,-66.725,-17.305,44,23
68370,0.056,1.091,-0.329,-38.344,-115.45,-23.562,48,23
68413,0.166,1.25,-0.521,-40.74,-65.58,-48.916,50,21
68457,0.196,1.154,-0.342,-43.366,19.13,-41.916,50,21
68501,-0.002,1.145,-0.28,-18.344,48.687,-25.153,52,20
68545,-0.057,1.002,-0.072,-0.414,27.626,-8.568,54,21
68592,-0.126,0.917,-0.14,22.099,-35.13,-7.153,56,29
68636,-0.085,0.87,-0.188,36.328,-91.496,-13.299,55,20
68680,0.077,0.901,-0.333,27.397,-92.847,-18.645,53,18
68724,0.181,0.967,-0.386,9.996,-27.275,-9.02,53,18
68768,0.051,1.049,-0.179,-8.703,28.305,2.38,54,18
68812,-0.091,1.838,-0.227,5.977,56.374,33.122,58,18
68856,-0.082,0.815,-0.119,33.139,37.038,49.458,63,17
68900,-0.191,0.751,-0.001,19.838,-28.336,37.198,62,18
68948,0.019,1.011,-0.309,42.55,-66.458,13.903,62,19
68993,0.032,0.852,-0.346,69.29,-52.443,4.913,63,20
