Timestamp(ms),AccelX(g),AccelY(g),AccelZ(g),GyroX(deg/s),GyroY(deg/s),GyroZ(deg/s),DistanceLeft(cm),DistanceRight(cm)
632347,0.302,0.471,0.013,138.321,-145.137,-26.313,0,115
632410,0.656,0.385,0.309,52.092,-84.321,18.957,0,131
632471,1.078,0.051,0.511,-63.122,-32.29,51.389,0,120
632538,0.66,0.018,0.414,13.661,67.587,55.168,0,99
632596,-2.0,2.0,-0.602,148.977,103.489,150.023,0,92
632655,-1.815,2.0,-0.926,-185.13,167.115,250.13,0,99
632707,-0.48,0.564,-0.201,-87.092,148.718,119.076,43,109
632758,-0.389,-0.141,-0.141,-75.244,133.344,13.477,38,115
632811,-0.933,-1.105,-0.555,-59.244,111.832,-33.573,37,118
632862,-0.359,-1.038,-0.471,117.672,49.832,-134.336,39,117
632922,-0.982,-0.134,-0.506,144.771,-56.145,-250.137,0,103
632982,-2.0,2.0,0.476,103.031,-133.863,-235.695,0,102
633041,-1.872,2.0,-0.114,165.397,-152.198,8.738,0,105
633102,-0.229,1.311,0.033,102.71,-155.679,38.206,0,116
633162,0.363,0.642,0.172,57.916,-156.427,12.41,0,113
633223,0.64,0.062,0.242,12.908,-85.511,33.176,5,35
633286,0.824,-0.009,0.249,-15.244,5.619,52.725,0,116
633346,0.774,0.133,0.284,-17.595,77.718,31.41,0,105
633396,-0.478,2.0,-0.378,131.779,142.901,82.183,51,94
633447,-1.488,2.0,-1.163,-169.206,226.397,229.282,51,93
633497,-1.57,2.0,-0.576,-205.038,201.756,223.076,45,103
633548,-0.9,0.641,-0.068,-119.389,101.985,94.756,37,111
633600,-0.59,-0.454,-0.205,-71.527,77.168,33.779,38,119
633652,-0.379,-0.77,-0.496,-60.13,81.13,35.053,51,121
633703,-0.73,-0.678,-0.796,16.055,36.81,-131.916,38,118
633756,-0.818,-0.295,-0.443,143.412,-32.481,-249.061,37,109
633816,-1.798,0.565,-0.192,250.13,-50.71,-250.137,0,99
633876,-2.0,2.0,-0.393,103.275,-58.405,-90.145,0,109
633936,-0.434,1.139,0.248,41.202,-95.42,52.81,0,112
633998,0.422,0.404,0.22,124.992,-154.672,18.795,0,124
634058,0.861,0.061,0.224,84.26,-96.046,31.619,0,116
634119,0.828,0.012,0.277,-38.809,-17.285,63.565,0,112
634178,0.735,0.117,0.412,-43.802,57.679,18.922,0,105
634241,-0.735,2.0,-0.295,106.748,107.496,116.634,0,92
634300,-1.602,2.0,-0.931,-95.359,157.427,250.13,0,95
634351,-0.82,1.149,-0.34,-112.573,135.702,168.42,44,105
634402,-0.345,0.259,-0.163,-94.702,134.092,49.443,37,113
634454,-0.482,-0.658,-0.168,-80.16,141.962,-13.303,36,117
634505,-0.784,-1.027,-0.611,21.007,115.053,-31.939,37,117
634564,-0.878,-0.505,-0.773,198.435,-8.2,-183.733,0,109
634625,-1.191,0.314,-0.621,101.618,-93.359,-250.137,0,99
634687,-2.0,2.0,-0.302,116.588,-101.962,-148.84,0,104
634747,-0.694,1.489,-0.122,88.336,-85.695,59.573,0,104
634808,0.04,0.63,0.003,80.779,-147.595,19.662,0,108
634868,0.381,0.442,0.222,130.466,-145.901,-2.649,0,113
634929,0.734,0.287,0.296,13.418,-56.542,58.588,0,123
634989,1.033,0.046,0.465,-85.542,28.675,67.756,0,108
635048,0.487,0.338,0.514,-22.565,112.366,72.931,0,96
635108,-1.726,2.0,-1.96,-73.069,219.863,195.748,0,93
635168,-1.185,1.346,-0.484,-128.267,165.252,217.26,0,103
635275,-0.459,-0.251,-0.148,-42.305,99.939,-49.008,0,114
635336,-0.723,-0.75,-0.242,-59.176,61.702,-70.084,0,113
635397,-0.661,-0.363,-0.277,95.718,-19.969,-164.924,0,107
635456,-1.11,0.033,-0.356,132.45,-113.267,-246.496,0,97
635516,-2.0,2.0,-1.18,164.29,-164.763,-241.504,0,108
635577,-0.88,1.811,-0.044,96.45,-93.542,28.054,0,106
635637,0.285,0.788,0.005,70.244,-99.886,5.152,0,118
635699,0.542,0.202,0.176,50.446,-80.031,-6.255,0,124
635762,0.921,-0.048,0.285,-21.71,20.038,41.863,0,115
635824,0.988,0.075,0.312,-22.122,55.756,27.239,0,115
635883,0.055,1.24,0.125,38.556,103.305,116.573,0,96
635942,-1.577,2.0,-1.98,-0.323,161.481,250.13,0,91
636002,-1.215,1.573,-0.873,-55.878,222.542,248.29,0,99
636062,-0.694,1.088,-0.45,-40.427,250.13,88.481,0,109
636124,-0.616,-0.632,0.12,-234.603,127.244,-61.649,0,116
636184,-1.1,-1.005,-0.126,9.26,92.061,-90.466,0,106
636244,-0.971,-0.161,-0.412,161.672,-33.069,-209.71,0,108
636308,-1.259,0.407,-0.358,65.763,-113.695,-240.29,0,99
636368,-2.0,2.0,-0.242,-57.878,-236.099,-156.275,5,32
636429,-0.653,1.038,-0.215,250.13,-122.886,39.221,0,105
636489,0.354,1.475,-0.452,99.374,-100.634,-23.344,0,113
636551,0.707,0.136,0.266,-102.252,-20.191,0.121,0,121
636611,0.909,-0.183,0.442,-25.87,43.901,75.267,0,115
636672,0.919,0.416,0.456,-9.943,65.359,96.733,0,104
636731,0.417,1.949,0.761,-45.55,63.916,193.641,0,95
636794,-1.208,2.0,-0.42,-172.473,96.359,250.13,0,96
636846,-1.144,1.597,-0.35,-75.214,108.229,250.13,45,107
636898,-0.412,0.417,-0.329,-7.371,172.794,152.183,43,116
636950,-0.417,-0.393,-0.228,30.131,166.634,48.592,39,122
637010,-0.886,-0.725,-0.465,-13.508,134.656,-29.443,0,114
637071,-0.699,-0.423,-0.518,107.664,24.482,-132.015,0,108
637131,-0.697,-0.131,-0.32,144.641,-63.191,-242.962,0,104
637192,-2.0,2.0,-1.123,184.076,-199.794,-250.137,0,94
637255,-0.994,2.0,-0.342,159.046,-162.962,-37.74,0,101
637316,0.317,1.011,0.011,18.999,-151.328,-40.023,0,106
637376,0.827,0.249,0.284,65.122,-128.328,-63.053,0,112
637437,1.054,0.068,0.408,-50.244,-59.031,4.331,0,113
637498,0.74,-0.067,0.353,-37.13,-22.881,14.09,0,115
637558,0.211,0.733,0.376,50.924,24.653,74.328,0,99
637618,-0.532,2.0,-0.444,38.106,62.901,184.137,0,89
637677,-1.2,2.0,-0.49,-152.305,168.824,250.13,0,94
637728,-1.046,1.461,-0.351,-60.351,142.733,165.985,37,102
637793,-0.817,0.498,-0.123,-16.458,101.893,66.878,0,112
637843,-1.08,-0.87,-0.568,-114.55,71.878,28.724,34,82
637894,-0.178,-1.389,-0.169,-26.687,85.244,-157.481,37,109
637945,-0.7,-0.726,-0.332,182.718,45.626,-250.137,40,106
638005,-2.0,0.444,-0.921,238.809,-80.321,-250.137,0,94
638065,-2.0,2.0,-0.505,215.244,-192.374,-45.389,0,94
638126,-0.082,1.758,-0.341,149.656,-141.626,80.55,0,103
638187,0.571,0.743,0.042,-14.214,-174.908,29.373,0,110
638295,0.905,-0.383,0.373,-27.71,-51.023,63.405,0,116
638355,1.209,-0.051,0.351,-7.58,47.248,51.031,0,110
638415,0.111,2.0,-0.015,31.577,103.672,131.756,0,100
638476,-0.928,2.0,-0.61,16.656,171.595,250.13,0,101
638537,-0.895,1.92,-0.779,-55.13,179.71,197.26,0,112
638599,-0.525,0.279,-0.381,-46.534,152.168,-26.573,0,118
638651,-0.678,-0.664,-0.363,-82.221,140.924,-109.435,50,118
638712,-0.803,-1.213,-0.402,20.726,94.397,-133.542,0,117
638774,-0.982,-0.158,-0.428,196.908,-33.069,-250.137,0,106
638837,-2.0,1.263,-0.643,110.817,-166.244,-186.191,0,99
638900,-1.957,2.0,-0.098,117.74,-129.908,-47.206,0,137
638961,-0.389,1.385,0.027,11.128,-118.504,7.224,0,111
639023,0.171,0.652,0.23,61.664,-142.389,-15.46,0,124
639085,0.764,0.194,0.239,77.618,-74.344,40.832,0,125
639145,0.914,0.06,0.196,-37.298,60.783,96.519,0,113
639207,0.683,0.154,0.255,-53.305,91.527,88.802,0,111
639267,-0.629,2.0,0.012,41.012,133.0,145.443,0,96
639331,-1.763,2.0,-0.659,-126.42,131.511,250.13,0,98
639391,-0.708,0.906,-0.217,-8.443,110.886,189.328,0,109
639443,-0.576,-0.181,-0.292,-35.939,135.076,35.688,37,116
639496,-0.688,-0.984,-0.498,-106.168,153.771,-93.611,35,118
639548,-0.742,-1.107,-0.54,52.16,153.855,-174.473,45,113
639609,-1.778,-0.315,-0.791,210.74,40.885,-250.137,0,103
639670,-2.0,2.0,-0.839,227.992,-146.466,-245.71,0,112
639732,-0.984,2.0,-0.214,58.466,-120.046,10.741,0,119
639797,-0.235,0.831,0.006,13.586,-136.763,16.049,0,120
639860,0.406,0.299,0.208,140.084,-150.191,4.856,0,147
639922,0.725,0.261,0.235,55.74,-59.863,39.939,0,114
639983,0.847,0.015,0.343,-90.924,3.925,41.947,0,110
640044,0.432,-0.143,0.547,7.705,51.74,60.397,0,100
640109,-0.872,2.0,-0.865,65.0,130.191,168.107,0,92
640168,-1.888,2.0,-0.631,-216.191,151.832,250.13,0,98
640219,-0.681,0.823,-0.227,-43.718,100.321,123.275,40,107
640270,-0.267,-0.113,-0.219,-21.489,109.344,13.587,36,113
640323,-0.367,-0.539,-0.35,-11.87,149.809,-48.221,36,116
640374,-0.675,-0.809,-0.471,-7.612,104.366,-101.45,37,114
640425,-0.832,-0.386,-0.421,77.641,-15.299,-215.649,42,107
640484,-1.717,0.223,-0.348,90.084,-93.618,-250.137,0,97
640549,-2.0,2.0,-0.189,170.718,-136.733,-143.962,0,0
640615,-0.704,1.408,-0.051,39.092,-115.313,8.269,0,0
640679,0.058,0.623,0.211,65.618,-141.145,-17.915,0,0
640741,0.633,0.264,0.25,161.115,-87.008,-0.534,0,127
640805,0.782,0.329,0.257,-10.221,13.594,44.763,0,132
640867,0.719,0.085,0.371,-86.664,69.664,46.74,0,143
640926,-0.203,2.0,0.3,85.817,87.176,123.305,0,93
640985,-1.082,2.0,-1.245,-126.466,179.229,250.13,0,92
641044,-1.398,1.587,-0.633,-231.229,165.412,204.122,0,101
641095,-0.807,0.388,-0.295,-10.679,133.45,108.557,37,109
641145,-0.856,-0.484,-0.346,-2.421,93.863,28.118,30,115
641197,-0.684,-1.2,-0.319,20.464,25.952,-45.183,33,115
641291,-1.085,-0.08,-0.386,172.817,-108.076,-250.137,41,102
641353,-2.0,1.428,-0.567,187.969,-173.886,-250.137,0,101
641419,-2.0,2.0,0.052,-19.206,-120.351,-25.534,0,0
641484,-0.051,1.053,-0.083,202.519,-121.595,41.687,0,0
641547,0.716,0.624,0.188,101.802,-89.427,0.28,0,149
641611,0.737,0.194,0.298,-41.733,-18.351,14.234,0,0
641672,0.685,-0.06,0.383,-86.107,-6.208,45.947,0,115
641732,0.512,0.521,0.144,-27.794,58.107,28.033,0,104
641790,-2.0,2.0,-0.029,-89.733,139.802,201.992,0,89
641853,-1.694,1.911,-0.106,-97.802,68.893,250.13,0,94
641904,-0.76,0.862,-0.204,-16.313,72.74,108.878,58,101
641965,-0.492,0.021,-0.123,-17.564,66.168,-29.542,0,108
642016,-0.492,-0.274,-0.434,-113.244,69.313,-19.699,40,111
642076,-0.369,-0.828,-0.461,-171.443,43.168,-62.298,0,111
642136,-0.889,-0.427,-0.377,119.473,-34.948,-242.542,0,103
642196,-2.0,2.0,0.013,250.13,-107.618,-242.969,0,105
642262,-1.717,2.0,0.252,84.527,-159.969,-72.595,0,0
642326,-0.411,1.192,0.015,148.298,-148.45,-63.693,5,37
642383,0.413,0.718,0.233,102.489,-128.489,-49.321,58,0
642449,0.708,0.243,0.312,69.87,-62.42,-23.855,0,0
642510,0.912,0.017,0.467,29.587,24.598,48.573,0,144
642571,0.572,0.208,0.39,47.672,98.809,53.855,0,100
642629,-1.015,2.0,-0.283,76.137,141.748,115.58,0,90
642680,-2.0,2.0,-0.741,-238.069,126.779,250.13,58,92
642732,-1.027,0.984,-0.06,-94.466,78.611,229.328,40,101
642782,-0.316,0.37,-0.299,-60.863,86.351,98.84,37,110
642836,-0.304,-0.412,-0.352,-97.84,75.397,-37.168,34,115
642887,-0.653,-1.05,-0.441,-46.031,64.954,-96.603,34,116
642938,-0.58,-0.556,-0.448,116.969,49.71,-175.427,37,110
642990,-1.218,-0.084,-0.409,180.389,-35.053,-250.137,44,103
643050,-2.0,2.0,-0.373,181.427,-108.176,-237.282,0,116
643111,-1.319,2.0,0.158,82.214,-87.588,-24.832,0,116
643172,-0.324,1.141,0.243,65.351,-99.282,-7.751,0,117
643234,0.26,0.552,0.292,106.214,-108.389,-21.414,0,144
643303,0.499,0.249,0.159,108.809,-43.626,11.787,0,0
643368,0.522,0.237,0.17,-47.611,21.543,56.443,0,0
643429,0.187,0.325,0.272,-87.076,79.275,60.427,0,102
643488,-1.001,2.0,-0.041,0.874,118.008,97.74,0,93
643548,-1.774,2.0,-0.704,-120.427,160.542,234.847,0,95
643599,-1.006,1.069,-0.296,-129.901,111.176,143.443,44,102
643650,-0.469,0.283,-0.251,-60.595,87.832,38.496,40,109
643701,-0.389,-0.383,-0.333,-43.435,49.42,-52.069,37,113
643752,-0.726,-0.855,-0.488,-34.244,37.359,-91.435,39,113
643807,-0.57,-0.375,-0.137,62.45,0.588,-178.58,39,109
643867,-1.11,0.094,-0.154,42.14,-53.863,-235.611,0,109
643934,-2.0,2.0,0.183,55.099,-125.511,-167.206,0,0
643996,-1.004,1.586,0.25,190.565,-115.282,12.247,0,147
644062,0.001,1.197,0.041,76.267,-117.313,17.623,0,0
644127,0.703,0.335,0.287,10.29,-70.992,-5.758,0,0
644189,0.728,-0.042,0.273,-7.748,11.864,44.412,0,136
644292,0.239,0.391,0.229,-7.87,124.26,54.489,0,100
644356,-1.332,2.0,-0.552,-36.832,164.29,157.832,0,93
644407,-1.27,1.932,-0.441,-54.679,153.115,226.137,58,96
644458,-0.687,1.095,-0.392,44.837,175.145,133.901,44,102
644518,-0.62,0.158,-0.379,-38.382,156.702,14.232,0,108
644579,-0.599,-0.763,-0.295,-100.137,111.168,-105.176,0,109
644640,-0.716,-0.609,-0.115,-4.911,80.58,-157.214,0,104
644700,-1.134,0.173,0.035,58.656,-20.831,-250.137,0,96
644757,-2.0,2.0,-0.069,75.458,-127.489,-186.931,58,0
644819,-1.556,1.72,-0.151,146.0,-110.015,43.908,0,131
644888,-0.081,1.115,-0.201,62.596,-128.397,48.348,0,0
644955,0.553,0.298,0.133,53.725,-94.718,26.324,0,0
645020,0.712,-0.073,0.231,5.598,-23.58,51.389,0,0
645081,0.728,-0.095,0.32,-22.489,32.935,63.328,0,106
645140,0.382,0.683,0.584,32.505,82.893,43.779,0,95
645191,-1.492,2.0,-0.251,-91.252,97.817,119.916,53,88
645242,-1.649,2.0,0.047,-250.137,5.958,193.595,47,92
645294,-0.774,0.564,0.599,-46.634,-32.26,146.42,51,98
645357,-0.173,0.645,-0.011,125.183,25.783,126.221,48,105
645409,-0.133,0.692,-0.447,-250.137,42.725,49.069,38,111
645462,-0.048,-0.385,-0.124,-250.137,28.608,16.658,38,137
645528,-0.706,0.902,0.581,-250.137,40.656,3.683,0,0
645594,-1.11,-0.315,1.697,-247.679,-46.466,-48.977,0,0
645660,-0.409,0.283,1.251,10.301,-30.618,-53.817,0,0
645726,-0.093,-0.224,1.118,-46.855,24.896,-45.626,0,0
645791,0.062,-0.053,0.555,18.535,18.954,-29.076,0,0
645858,0.236,-0.152,0.284,0.554,-2.975,-9.461,0,0
645926,0.068,0.216,0.362,-5.088,-19.931,-6.055,0,0
645993,0.375,0.53,1.433,31.392,-2.965,35.246,0,0
646059,-0.367,0.414,1.802,37.456,47.519,68.16,0,0
646124,-0.198,0.145,1.492,-22.725,42.725,81.053,0,0
646191,-0.308,-0.197,0.968,-42.145,32.127,33.374,0,0
646256,-0.408,-0.15,0.517,-29.214,-15.994,-58.931,0,0
646323,-0.251,-0.26,0.504,-49.328,-32.176,-75.947,0,0
646388,-0.386,-0.4,1.006,-69.702,-24.931,-106.313,0,0
646455,-0.43,-0.321,1.536,-25.939,19.627,-102.977,0,0
646524,0.006,-0.389,1.381,-18.298,28.099,-61.443,0,0
646590,0.09,-0.2,0.912,28.331,44.115,-51.885,0,0
646657,0.199,0.125,0.512,22.106,29.122,-21.428,0,0
646722,0.191,0.26,0.458,-2.723,-3.113,5.945,0,0
646789,-0.055,0.032,0.692,-2.332,-69.504,41.137,0,0
646854,-0.163,-0.19,1.523,35.711,-7.65,45.16,0,0
646921,-0.143,-0.122,1.72,30.33,0.937,81.641,0,0
646986,-0.092,-0.266,1.281,39.526,24.225,88.206,0,0
647053,-0.153,-0.369,0.645,35.546,36.367,55.794,0,0
647122,-0.146,-0.214,0.38,-8.702,21.802,14.186,5,5
647188,-0.456,-0.29,0.68,-43.611,-0.242,-31.046,0,0
647255,-0.581,-0.513,1.339,-53.008,0.123,-64.42,0,0
647321,-0.714,-0.58,1.55,1.997,32.411,-74.321,0,0
647387,-0.41,-0.19,1.267,84.916,53.511,-29.267,0,0
647496,0.209,0.341,0.219,142.374,51.756,-8.768,0,0
647563,0.306,-0.151,0.041,250.13,7.713,31.319,0,0
647624,0.175,0.509,0.524,221.099,17.82,36.756,0,120
647685,-0.645,1.414,1.57,191.389,61.405,104.053,0,95
647747,-0.67,2.0,0.818,250.13,99.71,127.679,0,89
647798,-0.391,1.959,0.135,109.656,105.198,-10.275,38,92
647855,-0.209,0.629,0.177,-27.023,65.16,-52.954,37,96
647905,-0.265,-0.379,0.11,46.717,15.665,-75.328,38,100
647955,-0.282,-0.585,-0.118,102.382,-27.504,-82.382,38,99
648005,-0.592,-0.25,-0.314,102.893,-60.481,-163.939,41,96
648065,-1.768,-0.321,-0.486,161.298,-105.313,-250.137,0,108
648130,-2.0,2.0,-1.044,176.237,-147.351,-86.84,0,0
648199,-0.326,1.199,-0.32,74.427,-112.092,31.531,0,0
648263,0.666,0.659,0.051,117.099,-91.756,21.485,0,0
648325,0.539,0.509,0.086,65.611,-43.618,45.511,0,137
648390,0.583,0.168,0.427,-66.962,-47.115,67.718,5,5
648450,0.41,0.139,0.816,63.985,-20.511,70.183,0,109
648508,-0.901,2.0,-0.429,116.13,61.55,155.687,0,87
648567,-1.876,2.0,-0.637,-181.863,200.076,250.13,0,89
648617,-1.358,1.364,-0.591,-88.679,170.45,168.473,45,97
648669,-0.604,0.346,-0.385,-81.672,145.817,49.695,46,105
648722,-0.468,-0.57,-0.194,-54.977,110.061,-55.969,37,110
648773,-0.591,-1.042,-0.264,-37.824,70.115,-117.206,37,110
648824,-0.548,-0.584,-0.192,48.344,23.233,-214.351,42,105
648883,-0.949,-0.145,-0.189,93.74,-69.939,-250.137,0,97
648943,-2.0,2.0,-0.357,250.13,-121.634,-237.458,0,108
649009,-1.418,2.0,-0.763,114.305,-47.214,34.715,0,0
649071,-0.313,0.685,0.097,-33.679,-79.573,11.985,0,147
649137,0.274,0.388,0.413,146.786,-87.733,31.064,0,0
649201,0.748,0.36,0.417,55.168,-65.458,36.405,0,137
649264,0.883,0.102,0.439,-26.458,8.816,58.374,0,153
649324,0.214,0.486,0.477,55.611,56.573,44.359,0,118
649382,-2.0,2.0,-1.04,-130.115,127.649,230.672,0,87
649434,-2.0,2.0,-0.69,-181.321,103.748,250.13,50,92
649484,-1.002,0.878,-0.37,-91.481,69.962,235.947,45,102
649544,-0.669,-0.186,-0.341,-81.107,70.427,115.855,0,111
649605,-0.462,-1.339,-0.313,18.044,61.817,-76.519,0,113
649659,-0.753,-0.844,-0.445,124.656,60.954,-250.137,37,106
649710,-1.493,-0.319,-0.476,141.435,-14.395,-250.137,58,104
649776,-2.0,1.493,-1.251,226.427,-99.702,-250.137,0,0
649841,-1.583,1.832,-0.186,250.13,-97.977,56.191,0,0
649907,0.125,1.459,-0.192,10.962,-44.0,56.656,0,0
649972,0.671,0.353,0.5,-2.62,-30.992,52.252,0,0
650037,0.923,0.269,0.408,-7.639,-25.252,102.427,0,0
650102,0.823,0.22,0.376,-64.618,3.332,82.389,0,0
650162,-1.426,2.0,-0.551,122.176,32.888,169.672,0,90
650216,-2.0,2.0,-0.436,-222.389,168.832,250.13,58,92
650275,-1.425,1.413,-0.417,-121.321,133.748,250.13,0,104
650328,-0.48,-0.139,-0.265,-52.221,132.313,55.26,43,113
650379,-0.472,-0.729,-0.333,59.611,92.489,-117.359,42,116
650482,-0.821,-0.32,-0.526,111.473,37.116,-250.137,0,106
650533,-1.453,-0.024,-0.457,98.183,-42.053,-250.137,48,99
650597,-2.0,2.0,-0.132,250.13,-106.832,-250.137,0,155
650662,-1.784,2.0,-0.778,108.351,-61.496,39.092,0,0
650728,0.141,0.813,0.023,86.076,-76.664,73.786,0,153
650791,0.792,0.641,0.329,108.947,-55.13,50.45,0,159
650857,0.637,0.309,0.388,-55.504,-29.038,58.344,0,0
650917,0.619,-0.071,0.457,-95.672,-5.951,63.427,0,117
650978,0.274,0.018,0.394,37.682,41.763,49.214,0,102
651037,-2.0,2.0,-1.523,-72.168,131.527,185.969,0,90
651087,-1.976,1.221,-0.297,-150.29,50.183,250.13,45,95
651139,-0.321,0.491,-0.127,11.319,73.916,145.489,37,102
651190,-0.223,-0.155,-0.139,-10.115,79.092,-18.028,49,106
651244,-0.568,-0.793,-0.303,-72.618,104.863,-106.137,11,32
651303,-0.717,-1.226,-0.314,-1.517,88.252,-171.481,0,102
651365,-1.833,-0.611,-0.675,250.13,-20.939,-250.137,0,118
651430,-2.0,2.0,-1.323,250.13,-132.122,-250.137,0,0
651496,-0.807,1.875,-0.56,21.27,-46.84,43.321,0,0
651563,0.092,0.537,0.227,51.26,-82.321,73.176,0,0
651628,0.706,0.41,0.212,121.214,-62.939,90.374,0,0
651689,0.805,0.092,0.379,29.525,-37.237,106.809,0,129
651753,0.737,0.148,0.398,29.833,-0.259,98.809,0,122
651813,-0.657,2.0,-0.31,154.664,91.58,116.496,0,94
651872,-2.0,2.0,-0.838,-184.771,153.099,250.13,0,84
651923,-1.271,1.28,-0.46,-74.122,147.221,209.229,42,92
651973,-0.384,0.316,-0.28,-79.595,121.321,35.931,39,99
652034,-0.241,-0.633,-0.128,-30.305,78.977,-82.344,0,105
652085,-0.395,-0.945,-0.246,14.488,18.559,-143.756,40,104
652136,-0.558,-0.305,-0.382,51.458,-24.074,-211.344,43,100
652195,-1.225,-0.042,-0.397,97.71,-66.802,-250.137,0,93
652257,-2.0,2.0,-1.006,207.931,-142.496,-143.481,0,62
652322,-1.065,1.569,-0.588,212.473,-133.573,36.427,0,0
652385,0.081,1.104,-0.165,89.344,-151.13,22.936,0,138
652447,0.583,0.519,0.19,86.405,-112.031,10.628,0,140
652510,0.647,0.198,0.316,34.896,-57.344,72.817,0,145
652571,0.711,0.167,0.347,1.375,-18.692,71.168,0,118
652631,0.203,1.281,-0.021,64.74,54.084,108.351,0,94
652690,-1.278,2.0,-0.993,-65.878,182.886,155.328,0,88
652753,-1.946,2.0,-0.815,-182.702,223.618,179.863,0,92
652813,-0.722,0.62,-0.274,-80.504,156.84,69.168,0,101
652874,-0.442,-0.5,-0.19,-36.748,95.527,-43.954,0,107
652935,-0.341,-0.841,-0.193,15.483,68.412,-88.794,0,106
652995,-0.669,-0.403,-0.436,53.489,14.774,-173.672,0,101
653054,-2.0,-0.142,-0.647,154.389,-115.603,-226.008,0,94
653116,-2.0,2.0,-0.896,213.16,-147.855,-57.924,0,112
653177,-0.606,1.386,-0.219,28.26,-129.534,32.733,0,124
653244,0.254,0.712,0.141,103.015,-158.076,10.345,0,0
653313,0.643,0.442,0.23,102.008,-91.656,12.739,0,0
653373,0.594,0.136,0.274,-38.702,11.781,42.053,0,112
653434,0.368,0.655,0.383,31.689,60.412,73.092,0,105
653537,-1.328,2.0,-0.968,-141.924,191.282,190.893,0,89
653597,-1.506,1.511,-0.364,-121.198,89.076,121.771,0,96
653649,-0.451,0.668,-0.251,-38.321,91.336,9.021,57,103
653710,-0.174,-0.394,-0.185,-71.969,90.275,-59.13,0,109
653771,-0.301,-0.972,-0.404,-56.58,76.397,-94.427,0,108
653835,-0.501,-0.642,-0.434,86.061,-27.55,-182.687,0,103
653896,-2.0,0.739,-0.799,191.221,-159.282,-210.366,0,121
653958,-2.0,2.0,-0.48,199.282,-131.008,-2.446,0,118
654020,-0.612,1.489,-0.134,-17.374,-84.031,33.511,5,38
654082,0.325,0.739,0.195,62.611,-96.405,21.269,0,120
654143,0.811,0.32,0.343,28.62,-40.237,22.448,0,124
654204,0.837,0.038,0.395,-73.374,43.556,53.435,0,123
654265,0.571,0.027,0.338,-67.412,87.802,37.046,0,102
654325,-0.727,2.0,-0.421,105.763,122.214,110.908,0,101
654389,-2.0,2.0,-1.221,-250.137,114.443,239.0,0,94
654441,-1.068,0.994,-0.217,-20.275,24.786,147.855,44,100
654493,-0.372,0.265,-0.322,20.413,74.015,38.656,51,107
654554,-0.248,-0.396,-0.22,-43.718,126.183,-73.344,0,111
654615,-0.398,-0.889,-0.23,-50.557,101.084,-149.145,0,110
654667,-0.719,-0.354,-0.203,72.534,25.591,-236.244,42,109
654729,-1.727,-0.014,-0.301,137.397,-48.298,-250.137,0,115
654790,-2.0,2.0,-0.737,250.13,-121.84,-98.252,0,119
654860,-0.807,1.689,-0.485,-29.847,-89.756,58.45,0,0
654923,0.042,0.694,0.128,105.527,-105.832,71.42,0,149
654986,0.514,0.497,0.223,29.083,-77.069,55.0,0,136
655049,0.575,-0.017,0.296,-97.664,-15.618,62.748,0,149
655110,0.566,-0.019,0.369,-12.191,49.763,70.527,0,106
655170,-0.138,2.0,-0.338,72.695,130.153,118.504,0,92
655222,-1.897,2.0,-0.903,-242.931,111.794,248.924,58,91
655273,-0.725,1.138,0.124,-42.527,87.947,216.473,42,97
655337,-0.417,1.0,-0.515,50.733,153.382,83.886,0,105
655389,-0.401,-0.344,-0.419,-148.84,150.618,-66.282,37,111
655441,-0.438,-1.174,-0.247,-89.13,113.244,-98.847,35,111
655498,-0.734,-0.592,-0.4,158.13,53.527,-198.237,38,104
655548,-1.532,0.048,-0.561,189.55,-52.198,-250.137,46,97
655609,-2.0,2.0,-0.93,139.954,-130.008,-190.023,0,124
655669,-1.166,1.938,-0.041,114.809,-107.87,-4.253,0,108
655729,-0.182,1.21,0.08,96.427,-103.305,20.1,0,118
655794,0.559,0.646,0.287,70.084,-84.771,34.55,0,127
655854,0.717,0.188,0.3,-48.015,-16.466,54.443,0,133
655915,0.788,-0.107,0.42,-76.153,18.252,57.824,0,119
655974,0.233,0.16,0.374,10.805,71.069,42.55,0,97
656033,-1.304,2.0,-1.03,-11.16,120.458,164.076,0,90
656083,-1.846,2.0,-0.692,-232.206,92.061,226.641,45,93
656134,-0.99,1.113,-0.069,-40.481,12.415,130.443,40,100
656185,-0.441,0.201,-0.069,-4.777,-0.327,45.198,48,108
656235,-0.302,-0.704,-0.23,-68.725,65.908,-33.374,37,112
656289,-0.357,-0.962,-0.473,-26.061,104.145,-135.771,40,111
656340,-0.768,-0.437,-0.515,63.855,84.794,-230.687,47,106
656392,-1.38,-0.105,-0.385,103.794,45.108,-250.137,46,105
656500,-2.0,2.0,-0.507,250.13,-65.618,-40.305,0,0
656562,-0.645,1.569,-0.401,31.197,-113.427,98.527,0,142
656627,0.608,0.484,0.258,64.748,-146.076,64.565,0,0
656690,1.033,0.238,0.329,43.939,-63.847,57.557,0,152
656752,0.979,0.115,0.395,-36.847,32.828,56.634,0,156
656815,0.013,0.579,0.262,7.001,113.031,84.115,0,96
656874,-1.395,2.0,-1.14,-162.863,198.481,207.58,0,90
656933,-2.0,1.836,-0.479,-217.939,7.901,250.13,0,97
656985,-0.375,0.437,-0.112,8.335,27.199,126.863,40,105
657035,0.103,-0.34,-0.261,-103.267,144.298,-38.412,39,110
657086,-0.259,-1.219,-0.435,-93.351,202.931,-111.687,39,112
657137,-0.453,-1.024,-0.64,103.71,157.397,-169.832,40,107
657197,-0.962,-0.221,-0.588,221.466,40.977,-250.137,0,100
657262,-2.0,1.915,-0.681,164.992,-93.191,-231.55,0,0
657331,-1.717,1.98,-0.328,166.008,-86.229,24.782,0,0
657396,-0.332,1.19,-0.118,76.595,-100.046,54.763,0,0
657459,0.405,0.661,0.115,87.824,-123.71,67.374,0,153
657521,0.756,0.129,0.229,-22.412,-73.832,76.534,0,147
657583,0.927,-0.136,0.367,-68.649,-17.198,98.443,0,129
657642,0.607,-0.006,0.266,-14.832,53.565,58.229,0,100
657693,-1.571,2.0,-1.043,162.137,154.0,134.908,58,96
657744,-2.0,2.0,-0.964,-250.137,189.603,250.13,50,93
657799,-0.803,0.695,-0.122,-53.725,145.58,200.321,42,102
657849,-0.558,0.04,-0.278,1.071,126.023,55.252,39,108
657900,-0.447,-0.76,-0.224,-39.305,106.061,-58.405,36,111
657951,-0.47,-1.265,-0.281,-13.916,93.527,-140.481,39,111
658012,-0.811,-0.799,-0.418,106.962,17.889,-250.137,0,101
658071,-2.0,0.74,-0.947,212.168,-123.504,-250.137,0,103
658132,-2.0,2.0,-0.612,140.779,-144.26,-35.29,0,114
658194,-0.459,1.54,-0.211,43.215,-124.84,10.367,0,138
658260,0.323,0.691,0.104,88.298,-130.366,39.107,0,150
658322,0.855,0.271,0.214,89.458,-53.305,62.206,0,132
658383,0.904,0.003,0.259,-26.947,21.358,88.069,0,137
658444,0.5,0.138,0.336,-14.321,92.015,66.244,0,103
658503,-0.055,2.0,-0.002,12.742,142.962,206.557,0,95
658563,-1.629,2.0,-1.521,-141.87,176.221,250.13,0,94
658612,-0.821,1.277,-0.485,-26.13,92.382,180.313,52,57
658672,-0.348,0.741,-0.427,41.867,100.206,38.214,0,110
658723,-0.236,-0.329,-0.162,-74.176,102.282,-70.672,37,110
658778,-0.593,-0.879,-0.246,-31.718,100.153,-125.916,38,105
658830,-0.86,-0.454,-0.348,128.29,47.908,-223.588,51,108
658889,-1.286,0.02,-0.506,118.107,-27.527,-250.137,0,99
658951,-2.0,2.0,-0.846,183.168,-149.183,-250.137,0,129
659017,-1.06,1.888,-0.371,100.908,-125.656,12.943,0,0
659079,0.075,1.007,-0.097,68.595,-134.901,46.084,0,126
659142,0.729,0.396,0.238,59.55,-99.115,23.469,0,163
659204,0.682,-0.006,0.264,-8.573,-23.16,55.252,0,135
659267,0.758,0.032,0.365,-7.863,48.855,55.771,0,112
659328,0.078,1.971,0.451,62.0,109.053,107.206,0,103
659387,-1.596,2.0,-1.135,-73.771,197.344,233.275,0,91
659491,-0.688,0.555,-0.359,-31.947,82.427,98.252,0,104
659552,-0.351,-0.308,-0.189,-15.947,45.527,-32.832,0,110
659603,-0.498,-0.913,-0.233,-18.015,63.519,-92.886,40,110
659663,-0.695,-0.483,-0.401,53.908,18.666,-183.84,0,105
659724,-1.823,0.581,-0.55,96.748,-63.893,-246.878,0,111
659785,-2.0,2.0,-0.435,99.176,-137.695,-127.985,0,122
659850,-0.696,1.42,-0.007,65.969,-120.71,-16.376,0,120
659912,0.112,1.011,0.129,82.74,-115.0,18.727,0,125
659975,0.743,0.402,0.315,74.321,-57.076,34.043,0,155
660036,0.746,0.124,0.26,-12.305,31.291,42.641,0,124
660098,0.629,0.132,0.276,-55.244,99.031,20.091,0,114
660157,-0.076,2.0,0.159,12.71,126.435,102.748,0,100
660217,-1.602,2.0,-0.466,-194.191,81.45,241.603,0,93
660278,-1.282,2.0,-0.34,-13.756,-33.405,239.45,0,102
660341,-0.316,0.702,-0.468,-132.603,88.099,82.13,0,111
660393,-0.466,-1.065,-0.403,-89.061,163.992,12.52,46,117
660455,-0.57,-1.088,-0.659,78.45,134.779,-94.954,0,115
660506,-0.856,-0.435,-0.566,147.061,43.649,-250.137,39,108
660568,-2.0,0.084,-0.595,207.809,-61.13,-250.137,0,109
660629,-2.0,2.0,-1.098,165.603,-153.366,-18.957,0,126
660690,-0.362,0.919,0.049,16.945,-155.229,113.74,0,123
660752,0.489,0.428,0.076,93.359,-159.069,62.679,0,122
660813,0.693,0.172,0.242,85.443,-85.908,8.958,0,121
660878,0.6,0.049,0.326,-8.534,12.207,18.147,0,113
660938,0.64,0.177,0.397,16.092,83.794,15.058,0,109
660998,-0.364,2.0,-0.697,14.789,129.435,94.191,0,93
661058,-1.603,2.0,-1.058,-250.137,155.756,230.695,0,91
661109,-1.183,1.214,-0.457,-74.656,130.511,171.947,44,98
661160,-0.575,0.556,-0.51,-28.137,145.443,53.885,39,105
661213,-0.373,-0.435,-0.294,-25.435,139.573,-51.008,39,110
661264,-0.584,-0.932,-0.281,-8.749,117.267,-79.893,38,111
661318,-0.695,-0.344,-0.333,56.389,48.656,-172.588,39,106
661379,-1.019,-0.179,-0.196,82.763,-43.328,-250.137,0,99
661440,-2.0,2.0,-0.559,168.992,-140.206,-190.176,0,111
661501,-1.182,1.971,-0.239,110.321,-122.168,22.89,0,126
661564,0.013,1.023,-0.035,71.573,-117.832,38.858,0,132
661627,0.691,0.486,0.219,97.588,-81.565,8.6,0,151
661690,0.737,0.185,0.247,-9.076,-22.51,24.632,0,139
661751,0.657,0.123,0.42,-36.115,28.321,14.172,0,123
661812,-0.136,1.848,0.532,37.052,74.565,109.427,0,98
661875,-1.604,2.0,-0.666,-59.214,136.344,225.58,0,87
661935,-1.584,1.96,-0.607,-175.939,82.84,174.191,0,94
661987,-0.519,0.556,-0.334,-160.076,87.176,47.916,37,102
662038,-0.152,-0.484,-0.223,-103.076,106.641,-27.198,42,109
662090,-0.499,-0.894,-0.578,-55.588,127.748,-53.084,41,110
662142,-0.619,-0.533,-0.494,80.038,75.397,-140.107,46,106
662203,-1.4,-0.256,-0.443,156.672,-27.153,-229.786,0,102
662263,-2.0,2.0,-0.535,250.13,-140.725,-164.992,0,103
662329,-0.884,1.93,-0.09,140.565,-109.901,1.185,0,119
662390,-0.127,1.204,0.068,20.497,-98.954,23.59,0,126
662496,0.65,0.123,0.308,-11.761,-30.046,37.153,0,128
662557,0.701,-0.194,0.394,-40.374,11.065,65.427,0,113
662618,0.427,0.186,0.464,21.783,62.206,84.26,0,101
662678,-0.707,2.0,-0.316,70.588,107.977,149.832,0,92
662738,-1.338,2.0,-0.615,-228.534,153.099,235.267,0,94
662799,-0.946,1.317,-0.352,-30.214,70.275,134.679,0,102
662855,-0.491,0.099,-0.385,-26.924,67.908,27.871,58,109
662907,-0.463,-0.651,-0.335,-63.267,86.076,-55.733,40,112
662969,-0.466,-0.771,-0.28,23.841,79.916,-106.244,0,108
663029,-1.164,-0.316,-0.407,148.137,3.176,-208.107,0,100
663095,-2.0,2.0,-0.977,174.534,-150.565,-171.733,0,95
663155,-1.079,2.0,-0.298,145.878,-186.458,-54.313,0,108
663216,-0.012,1.658,0.078,79.382,-164.046,-33.364,0,117
663277,0.59,0.792,0.17,51.023,-117.076,14.394,0,129
663339,0.814,0.018,0.233,-38.641,-22.84,48.229,0,131
663401,0.823,-0.352,0.294,-62.0,48.26,70.725,0,119
663461,0.41,0.416,0.263,32.724,99.092,73.0,0,102
663520,-0.589,2.0,-0.395,-28.679,161.084,142.397,0,92
663579,-1.735,2.0,-0.694,-204.634,151.115,212.344,0,95
663629,-0.799,1.274,-0.126,-15.458,82.886,109.771,37,101
663681,-0.258,0.365,-0.15,8.575,69.84,24.917,51,107
663741,-0.17,-0.434,-0.165,-62.26,74.26,-57.069,0,113
663792,-0.515,-0.812,-0.337,-22.031,85.038,-79.74,40,110
663855,-0.89,-0.277,-0.391,113.115,23.467,-192.634,0,109
663914,-2.0,1.548,-0.534,147.382,-86.992,-174.221,0,99
663974,-1.756,2.0,-0.248,123.695,-135.679,-88.557,0,105
664035,-0.528,1.588,0.043,87.26,-127.458,1.113,0,113
664095,0.132,1.078,0.127,81.0,-127.863,16.892,0,122
664156,0.667,0.328,0.235,65.74,-66.893,33.252,0,122
664217,0.745,-0.084,0.248,-15.74,38.889,63.863,0,124
664278,0.676,-0.006,0.289,22.504,86.763,40.595,0,109
664337,0.053,2.0,-0.062,35.434,141.87,89.84,0,96
664398,-1.296,2.0,-0.817,-167.214,175.962,163.244,0,92
664458,-1.474,1.617,-0.392,-130.855,37.46,91.504,0,97
664518,-0.53,0.63,-0.388,70.435,21.762,-25.399,0,103
664569,-0.225,-0.034,-0.415,-108.817,72.336,-74.863,45,110
664622,-0.269,-0.86,-0.305,-120.252,74.405,-65.023,58,110
664681,-0.381,-0.61,-0.211,52.809,40.996,-123.053,0,106
664740,-1.534,0.015,-0.439,172.092,-48.084,-159.687,0,99
664802,-2.0,2.0,-0.49,145.252,-160.611,-93.107,0,113
664864,-0.809,1.732,-0.085,12.494,-125.695,-9.038,0,111
664926,-0.187,1.028,0.195,33.697,-119.687,4.632,0,124
664991,0.549,0.262,0.314,74.947,-87.832,-2.754,0,0
665052,0.729,-0.104,0.231,51.107,-35.75,55.405,0,117
665112,0.758,0.04,0.236,6.084,66.55,40.679,0,111
665171,0.197,1.114,0.246,-2.987,117.42,70.122,0,100
665231,-1.121,2.0,-0.47,-81.664,167.886,166.519,0,91
665290,-1.376,1.924,-0.403,-83.107,103.702,143.244,0,94
665350,-0.562,1.155,-0.387,50.977,120.672,21.002,0,100
665413,-0.204,0.032,-0.283,-87.74,134.87,-50.26,0,106
665517,-0.291,-0.686,-0.359,91.87,16.062,-98.42,5,31
665577,-1.253,0.036,-0.374,93.771,-57.206,-201.405,0,104
665637,-2.0,2.0,-0.612,114.672,-170.542,-89.244,0,104
665698,-0.986,1.938,-0.577,136.435,-145.511,23.864,0,114
665758,-0.17,1.164,-0.237,-14.359,-144.458,44.879,0,116
665820,0.589,0.408,0.21,67.748,-104.901,12.947,0,124
665882,0.691,-0.034,0.261,29.25,-26.389,55.649,0,135
665945,0.73,0.027,0.304,-15.42,53.634,49.427,0,108
666005,0.261,0.498,0.396,-9.267,105.206,61.664,0,97
666064,-0.906,2.0,-0.426,-128.466,122.809,154.725,0,91
666124,-1.572,2.0,-0.424,-111.84,42.779,233.328,0,95
666181,-0.282,1.595,-0.596,-13.672,59.198,105.565,0,57
666242,-0.178,-0.323,-0.402,-160.603,122.534,-43.489,0,113
666293,-0.505,-1.137,-0.43,-35.794,135.534,-61.489,38,114
666353,-0.435,-0.621,-0.453,117.977,61.603,-163.473,0,109
666417,-1.217,-0.105,-0.452,159.794,-30.153,-233.504,0,101
666477,-2.0,2.0,-0.99,160.26,-150.473,-150.855,0,100
666537,-0.845,2.0,-0.124,94.519,-109.366,41.118,0,116
666599,-0.063,1.222,0.14,52.582,-96.053,33.542,0,117
666660,0.463,0.41,0.303,35.35,-91.962,-1.37,0,119
666721,0.61,-0.061,0.284,9.052,-38.122,30.813,0,117
666781,0.672,-0.065,0.326,-25.008,26.809,47.122,0,111
666842,0.373,-0.006,0.262,-21.519,79.008,34.282,0,101
666901,-0.554,2.0,-0.529,-2.695,115.359,105.901,0,92
666963,-1.114,2.0,-0.743,-205.153,166.962,241.366,0,93
667022,-0.878,1.309,-0.554,-2.7,97.137,143.099,0,57
667073,-0.447,0.36,-0.406,-46.885,95.137,19.907,53,109
667133,-0.506,-0.784,-0.164,-75.031,52.969,-67.427,0,113
667195,-0.369,-0.802,-0.081,64.656,30.651,-110.244,0,111
667255,-1.048,-0.159,-0.351,140.29,-47.008,-228.053,0,102
667315,-2.0,2.0,-0.914,169.962,-138.817,-207.191,0,96
667381,-1.804,2.0,-0.571,120.29,-150.916,-98.031,0,0
667446,-0.259,1.491,-0.142,58.878,-147.824,-30.014,0,131
667507,0.501,0.797,0.165,93.206,-129.107,40.939,0,124
667569,0.762,0.159,0.253,46.16,-36.008,75.908,0,127
667630,0.736,-0.079,0.264,-54.595,47.695,77.046,0,116
667691,0.426,0.034,0.236,-40.611,103.069,43.863,0,107
667750,-0.536,2.0,-0.313,42.826,141.229,98.855,0,92
667810,-1.953,2.0,-1.214,-180.954,164.763,191.557,0,91
667870,-0.878,1.316,-0.175,-44.229,94.099,118.908,0,99
667930,-0.218,0.583,-0.265,-27.557,110.977,46.435,0,107
667995,-0.322,-0.672,-0.192,-42.137,123.947,-15.325,0,113
668056,-0.397,-0.522,-0.326,7.065,64.053,-60.16,0,108
668115,-0.854,-0.262,-0.364,61.382,-18.053,-168.748,0,102
668176,-2.0,2.0,-0.686,133.115,-134.405,-185.802,0,96
668236,-1.237,2.0,-0.363,131.092,-155.687,-16.728,0,98
668297,-0.308,1.732,-0.181,52.557,-144.916,44.092,0,111
668358,0.376,0.611,0.188,29.709,-149.55,29.253,0,112
668420,0.67,-0.102,0.318,28.321,-76.374,26.785,0,118
668484,0.785,-0.229,0.334,-18.473,0.547,14.713,0,114
