Timestamp(ms),AccelX(g),AccelY(g),AccelZ(g),GyroX(deg/s),GyroY(deg/s),GyroZ(deg/s),DistanceLeft(cm),DistanceRight(cm)
45906,-0.748,-1.172,-0.305,103.481,67.42,-124.718,0,96
45961,-1.872,-0.956,-0.357,137.198,138.863,-74.351,0,101
46015,-2.0,-0.679,0.071,75.809,105.962,15.704,0,100
46070,-1.278,-0.434,-0.059,76.321,-0.757,31.763,0,106
46126,-0.506,0.15,-0.078,75.229,32.519,28.411,0,107
46180,-0.414,0.696,0.183,22.878,58.527,30.013,0,107
46234,-0.385,0.757,0.326,-64.977,12.245,-1.029,0,100
46292,-1.026,0.272,-0.12,-153.191,-43.252,82.046,0,101
46338,-2.0,-0.972,-0.855,-117.443,-58.611,99.305,51,91
46384,-2.0,-1.201,-0.597,-89.84,-70.641,153.908,46,105
46429,-1.32,-0.929,-0.21,-95.282,-48.641,112.985,37,96
46474,-0.611,-0.507,-0.103,-95.122,-57.687,52.954,44,101
46520,0.081,-0.457,-0.19,-78.023,-63.221,33.376,43,103
46566,0.722,-0.521,-0.376,-26.565,-54.107,-20.008,43,106
46612,0.757,-0.625,-0.492,37.626,-18.331,-40.038,43,103
46660,-0.107,-0.968,-0.281,110.458,43.214,-83.58,45,98
46714,-2.0,-1.173,-0.335,174.542,97.351,-173.565,0,92
46759,-2.0,-0.461,0.315,18.18,106.252,-25.206,51,91
46814,-1.83,-0.579,0.004,11.062,-6.898,-13.321,0,95
46860,-0.775,-0.039,-0.124,75.023,9.169,-21.473,50,97
46914,-0.51,0.544,0.054,75.466,66.527,-4.108,0,100
46968,-0.504,0.769,0.443,31.885,26.959,28.075,0,100
47014,-0.523,0.536,0.162,-56.931,-75.878,60.26,50,99
47060,-0.701,0.147,-0.491,-97.176,-54.153,99.725,50,104
47110,-2.0,-0.258,-0.491,-132.221,26.489,116.947,51,92
47164,-2.0,-0.908,-0.499,-127.214,-47.214,105.969,0,92
47209,-1.392,-0.849,-0.374,-103.29,-65.924,70.672,36,97
47254,-0.448,-0.523,0.088,-79.649,-26.42,38.885,39,104
47300,-0.329,-0.531,0.089,-61.992,-64.366,13.206,45,107
47346,0.401,-0.623,-0.216,-20.832,-117.992,-25.107,41,107
47392,0.69,-0.562,-0.532,50.962,-59.916,-57.817,41,107
47448,-0.077,-0.698,-0.189,82.969,63.382,-114.252,0,106
47496,-2.0,-0.908,0.042,137.595,112.031,-169.855,38,97
47542,-2.0,-0.545,0.316,93.977,78.641,-84.183,48,96
47596,-1.658,-0.384,0.185,70.756,31.74,-51.763,0,97
47650,-0.768,0.147,0.177,94.229,54.58,-62.176,0,100
47706,-0.554,0.521,0.212,68.588,64.466,-51.115,0,107
47761,-0.371,0.758,0.29,-0.353,19.744,-9.8,0,103
47815,-0.523,0.668,0.074,-88.786,-39.527,69.824,0,99
47861,-1.653,0.224,-0.534,-110.29,-3.139,120.634,50,97
47907,-2.0,-0.913,-0.823,-102.557,-37.832,136.305,47,91
47955,-2.0,-0.947,-0.448,-110.046,-65.573,119.641,37,95
48001,-1.212,-0.827,-0.25,-126.031,-45.573,83.908,37,99
48056,-0.496,-0.676,-0.121,-112.061,-32.962,47.534,0,105
48102,0.226,-0.707,-0.181,-62.015,-9.051,16.165,43,107
48148,0.576,-0.697,-0.286,22.856,-18.824,-15.87,45,106
48194,0.482,-0.769,-0.408,85.771,27.992,-84.183,42,103
48239,-0.927,-1.046,-0.374,136.847,71.351,-141.038,44,97
48285,-2.0,-0.8,-0.492,171.802,104.832,-139.985,48,93
48334,-2.0,-0.351,0.036,110.313,110.038,-36.481,48,91
48432,-0.721,0.035,-0.155,121.244,-50.12,-35.061,0,98
48486,-0.45,0.448,-0.017,106.351,69.504,-45.26,0,98
48541,-0.388,0.665,0.222,45.351,47.084,-14.924,0,101
48595,-0.681,0.63,0.181,-59.145,-2.535,46.031,0,96
48650,-1.612,0.115,-0.286,-109.176,47.226,122.168,0,93
48705,-2.0,-1.035,-0.421,-54.832,-45.55,123.863,0,92
48759,-1.744,-0.775,-0.178,-57.908,-54.145,123.229,0,96
48815,-0.873,-0.548,0.07,-65.267,-29.962,60.962,0,100
48873,-0.111,-0.701,0.038,-52.282,-70.099,55.36,0,104
48928,0.526,-0.764,-0.425,-3.43,-90.603,-38.504,0,103
48983,0.079,-0.789,-0.607,113.42,45.221,-75.229,0,100
49029,-1.682,-0.798,-0.481,188.328,189.389,-115.992,44,94
49075,-2.0,-0.317,0.283,130.427,144.809,-104.756,47,92
49120,-2.0,-0.262,0.187,90.756,25.513,-60.756,46,93
49175,-0.997,0.141,-0.172,122.046,38.069,-59.305,0,94
49229,-0.573,0.55,-0.054,110.702,91.076,-42.985,0,96
49288,-0.568,0.715,0.254,59.382,46.328,9.111,0,96
49342,-0.729,0.572,0.219,-8.371,-13.265,72.0,0,93
49387,-1.329,0.232,-0.064,-76.756,-20.473,133.427,46,89
49432,-2.0,-0.548,-0.143,-81.275,-54.718,141.023,38,87
49477,-2.0,-0.904,-0.253,-40.366,-81.267,95.023,38,89
49532,-1.465,-0.784,-0.122,-54.214,-25.427,56.038,0,94
49577,-0.665,-0.471,-0.129,-72.992,-20.046,-22.027,36,98
49633,0.008,-0.581,-0.211,-56.16,-41.573,-14.313,0,101
49679,0.451,-0.725,-0.424,34.13,-35.099,-36.191,40,100
49728,-0.007,-0.737,-0.175,108.496,-3.23,-92.397,36,99
49782,-1.517,-1.03,-0.532,178.137,60.336,-117.198,0,94
49828,-2.0,-0.32,0.059,117.641,175.618,-72.542,45,92
49874,-2.0,-0.154,0.348,61.084,36.855,-41.901,48,94
49921,-0.865,0.045,-0.071,82.534,-25.916,-45.893,47,98
49975,-0.371,0.422,0.054,82.092,33.435,-48.779,0,100
50030,-0.401,0.619,0.287,37.473,27.344,-42.389,0,99
50085,-0.54,0.6,0.209,-35.664,-32.809,29.563,0,97
50140,-1.104,0.385,-0.215,-94.168,-30.0,90.527,0,92
50189,-2.0,-0.709,-0.389,-113.351,-19.077,126.176,51,90
50235,-2.0,-0.935,-0.432,-81.847,-94.695,119.847,46,93
50281,-1.234,-0.885,-0.397,-64.137,-53.038,82.489,36,97
50326,-0.768,-0.58,-0.014,-59.405,-27.038,34.366,37,101
50372,-0.111,-0.547,0.028,-46.649,-66.359,-20.336,38,106
50419,0.438,-0.575,-0.26,-38.131,-58.611,-68.359,40,107
50465,0.514,-0.442,-0.373,34.908,-28.156,-72.763,42,105
50521,-0.284,-0.53,-0.128,56.817,51.695,-74.809,0,102
50576,-2.0,-0.874,-0.103,132.542,27.069,-118.237,50,0
50615,-2.0,-0.26,0.11,97.763,70.886,-22.42,47,0
50661,-1.664,-0.363,0.23,57.809,72.305,-11.302,51,95
50716,-1.226,-0.09,0.147,59.809,38.252,-32.618,0,102
50771,-0.609,0.39,0.197,53.443,28.852,-38.58,0,105
50827,-0.323,0.634,0.239,-3.853,9.858,-26.87,0,100
50882,-0.56,0.644,0.145,-58.771,-42.863,37.779,0,97
50937,-1.258,0.392,-0.246,-110.542,-35.962,98.656,0,95
51026,-1.996,-0.838,-0.464,-86.305,-86.015,116.656,44,97
51076,-1.216,-0.786,-0.243,-72.023,-22.038,80.756,36,99
51122,-0.779,-0.517,0.151,-65.855,39.839,32.855,39,103
51169,-0.181,-0.479,-0.038,-55.718,-5.236,6.904,41,111
51215,0.188,-0.571,-0.144,-26.336,-1.799,-31.916,36,107
51261,0.216,-0.753,-0.315,35.267,-4.986,-54.473,37,106
51316,-0.301,-0.813,-0.248,86.328,26.061,-83.076,0,100
51362,-1.944,-0.953,-0.265,142.641,132.229,-134.435,37,97
51418,-2.0,-0.208,0.209,93.58,108.542,-90.206,0,95
51476,-1.502,-0.095,0.054,59.107,-23.931,-53.359,0,98
51531,-0.621,0.39,0.002,68.763,31.987,-51.832,0,101
51587,-0.48,0.669,0.231,27.618,54.718,-30.412,0,103
51643,-0.636,0.567,0.403,-56.153,-9.274,31.16,0,102
51689,-0.756,0.202,-0.096,-122.611,-65.374,108.962,50,98
51744,-1.585,-0.083,-0.655,-104.893,-0.23,122.573,0,95
51800,-2.0,-0.836,-0.928,-74.107,-32.382,110.832,0,97
51846,-1.716,-0.661,-0.153,-99.664,-21.145,75.908,36,99
51892,-1.014,-0.583,0.094,-89.664,-57.855,40.565,36,102
51942,-0.235,-0.615,0.057,-56.618,-79.282,14.447,45,107
51989,0.382,-0.633,-0.208,-34.536,-66.695,-32.038,44,109
52036,0.473,-0.691,-0.425,47.634,-21.588,-55.794,43,107
52082,-0.303,-0.854,-0.279,89.466,27.938,-105.298,43,103
52129,-2.0,-0.891,-0.393,169.969,67.496,-174.794,46,105
52185,-2.0,-0.219,0.117,119.137,155.779,-100.473,0,97
52240,-1.881,-0.258,0.285,61.328,22.68,-30.725,0,98
52301,-0.622,0.253,0.005,89.962,27.267,-38.687,0,103
52359,-0.429,0.601,0.201,59.473,71.366,-26.214,0,101
52413,-0.399,0.614,0.366,-16.215,2.929,-5.229,0,103
52468,-1.014,0.276,0.123,-86.313,-39.458,69.519,0,103
52513,-1.734,-0.036,-0.336,-89.053,-44.137,103.817,48,96
52558,-2.0,-0.82,-0.671,-55.298,-20.641,87.901,45,97
52603,-1.882,-0.592,-0.209,-64.58,-6.969,90.328,37,98
52649,-1.173,-0.567,-0.143,-65.191,-26.535,62.198,43,102
52704,-0.478,-0.546,-0.016,-61.489,-26.876,29.313,0,106
52750,0.256,-0.572,0.009,-40.733,-11.432,-13.443,41,108
52799,0.466,-0.638,-0.162,-16.007,-20.464,-42.954,39,111
52844,0.023,-0.826,-0.269,79.664,-22.858,-76.16,40,102
52889,-1.366,-1.234,-0.616,152.344,52.672,-98.511,44,97
52935,-2.0,-0.895,-0.409,158.527,143.405,-89.992,44,97
52980,-2.0,-0.293,0.21,92.145,118.244,-22.817,48,97
53035,-1.402,-0.158,0.13,85.099,65.918,-29.321,0,98
53090,-0.498,0.251,-0.08,103.977,29.908,-40.679,0,105
53144,-0.474,0.679,0.166,77.084,86.183,-20.16,0,100
53201,-0.671,0.603,0.364,46.01,47.469,30.656,0,99
53256,-0.709,0.361,0.089,-62.817,-42.405,74.229,0,94
53309,-2.0,-0.404,-0.456,-88.168,-6.68,65.71,0,88
53355,-2.0,-0.769,-0.304,-56.046,-45.053,78.969,51,88
53400,-1.582,-0.907,-0.222,-70.603,-57.153,74.55,37,107
53445,-0.793,-0.49,-0.001,-72.053,-37.55,39.672,34,96
53490,-0.27,-0.512,-0.073,-76.832,-23.267,26.84,32,101
53578,0.465,-0.531,-0.214,-2.859,-10.646,-4.543,32,100
53623,-0.1,-0.782,-0.275,76.359,26.274,28.119,38,98
53672,-1.409,-1.031,-0.667,195.786,49.458,-81.359,43,97
53716,-2.0,-0.671,-0.205,172.237,138.221,-108.863,37,90
53771,-2.0,-0.49,0.248,90.038,87.603,-33.107,0,90
53816,-1.216,-0.034,-0.127,115.87,-23.504,-53.038,46,93
53862,-0.508,0.395,-0.184,135.145,-25.497,-52.389,14,28
53916,-0.407,0.62,0.153,117.099,84.237,-33.16,0,100
53970,-0.698,0.653,0.316,62.969,41.603,28.969,0,92
54017,-0.857,0.449,0.189,-21.366,-28.863,100.099,46,92
54065,-1.575,-0.014,-0.181,-72.977,-31.55,130.71,47,90
54110,-2.0,-1.107,-0.644,-55.313,-26.794,68.756,51,90
54155,-2.0,-0.748,0.022,-64.641,-28.931,52.977,35,90
54199,-1.29,-0.551,-0.018,-61.824,-48.55,-0.039,34,94
54244,-0.611,-0.231,0.09,-58.183,-44.214,0.185,33,98
54289,-0.028,-0.334,-0.046,-37.992,-33.878,-12.962,32,100
54344,0.255,-0.469,-0.206,-64.857,-31.683,-9.799,0,103
54398,-0.138,-0.75,-0.361,84.55,21.33,24.702,0,98
54444,-1.2,-0.828,-0.362,191.382,26.076,-30.687,32,94
54492,-1.818,-0.673,-0.183,179.886,104.519,-116.733,42,92
54546,-2.0,-0.378,0.256,88.573,90.481,-84.595,0,91
54592,-1.363,-0.137,-0.037,101.099,45.23,-83.71,45,93
54637,-0.685,0.208,-0.07,114.214,38.893,-74.0,47,94
54691,-0.435,0.549,0.14,102.282,67.573,-63.229,0,96
54747,-0.595,0.777,0.33,38.954,31.855,-14.995,0,95
54801,-0.68,0.461,0.064,-41.832,20.276,81.656,0,91
54846,-1.609,0.054,-0.39,-54.809,-23.626,137.107,47,88
54903,-2.0,-0.924,-0.39,-40.366,-19.952,110.397,0,86
54948,-1.989,-1.003,-0.068,-58.595,-37.649,91.427,37,89
54992,-1.097,-0.613,0.079,-71.618,-9.062,43.985,35,92
55037,-0.526,-0.438,0.048,-80.87,-11.191,17.534,34,98
55083,0.062,-0.526,-0.033,-47.305,-36.374,-33.687,34,99
55129,0.614,-0.556,-0.259,25.45,-33.595,-57.71,35,99
55174,0.294,-0.684,-0.415,89.313,44.641,-72.145,36,96
55219,-1.713,-1.265,-0.669,167.779,121.954,-75.611,38,89
55273,-2.0,-0.867,-0.153,144.115,122.458,-39.84,0,87
55330,-1.832,-0.518,-0.039,102.756,8.936,-40.359,0,93
55376,-1.135,-0.222,-0.257,131.947,44.221,-51.092,47,91
55431,-0.835,0.283,-0.168,127.42,87.168,-34.466,0,95
55485,-0.565,0.563,0.111,95.886,65.282,-34.084,0,97
55540,-0.54,0.62,0.167,47.55,30.756,13.604,0,95
55595,-0.992,0.499,0.035,-40.252,4.842,104.092,0,91
55649,-1.966,-0.332,-0.218,-88.015,-42.099,136.855,0,88
55694,-1.858,-0.809,-0.435,-56.969,-84.55,112.305,38,88
55739,-1.381,-0.827,-0.233,-43.733,-44.817,60.183,44,91
55797,-0.784,-0.543,-0.062,-37.756,-12.35,-18.931,0,94
55853,-0.257,-0.514,-0.201,-31.656,2.972,-71.26,0,97
55898,0.218,-0.522,-0.196,25.079,17.524,-97.115,37,95
55952,0.027,-0.701,-0.209,39.847,34.928,-70.992,0,96
56006,-0.799,-0.958,-0.259,117.481,17.074,-49.336,0,91
56104,-2.0,-0.36,0.164,103.985,114.763,-6.632,0,95
56159,-1.539,-0.235,0.067,82.695,3.071,9.869,0,92
56214,-0.727,0.265,0.066,91.748,39.936,37.359,0,95
56263,-0.461,0.657,0.115,75.344,38.29,25.973,46,97
56309,-0.388,0.659,0.191,35.26,29.763,51.931,48,97
56354,-0.836,0.42,0.116,-44.435,25.079,108.176,45,94
56410,-1.622,-0.043,-0.176,-102.481,-23.802,136.244,0,90
56464,-1.833,-0.727,-0.395,-89.168,-88.718,97.702,0,94
56510,-1.524,-0.658,-0.184,-63.947,-29.145,39.13,44,91
56556,-1.209,-0.46,-0.06,-48.763,-16.26,-26.13,43,94
56601,-0.692,-0.356,0.073,-46.046,-7.454,-65.702,41,96
56647,-0.203,-0.43,0.034,-28.305,-19.595,-98.427,44,99
56696,0.084,-0.465,-0.22,-0.405,-5.487,-117.336,36,98
56742,-0.273,-0.573,-0.26,53.046,8.145,-90.733,47,97
56788,-1.135,-0.866,-0.387,119.221,19.202,-81.069,51,95
56835,-1.453,-0.657,-0.304,145.351,70.267,-64.695,48,93
56881,-1.802,-0.29,-0.019,129.313,112.542,-26.099,48,97
56927,-1.665,0.018,0.266,81.076,56.481,12.321,48,99
56982,-1.097,0.193,0.146,58.153,-3.37,17.113,0,99
57029,-0.516,0.443,0.114,43.031,-6.136,12.619,48,105
57083,-0.234,0.485,0.162,4.505,9.221,1.344,0,99
57134,-0.572,0.405,0.048,-55.305,42.42,54.313,46,108
57180,-1.638,0.042,-0.092,-121.229,53.282,81.427,48,93
57234,-2.0,-0.551,-0.464,-117.679,-84.573,82.076,0,90
57280,-1.641,-0.661,-0.526,-111.168,-58.389,60.664,36,93
57325,-1.292,-0.658,-0.351,-105.595,-19.237,26.624,36,94
57371,-0.872,-0.505,-0.151,-96.786,-36.205,-29.403,35,98
57417,-0.277,-0.498,-0.123,-80.649,-28.351,-30.221,45,100
57464,0.155,-0.531,-0.256,-48.992,-25.534,-48.366,13,30
57513,0.172,-0.578,-0.176,21.938,-2.925,-48.359,43,101
57569,-0.632,-0.906,-0.327,84.237,-1.901,-73.634,0,103
57615,-1.818,-0.773,-0.184,116.214,74.252,-77.534,45,99
57670,-2.0,-0.378,0.115,76.366,67.817,-18.985,0,99
57717,-1.386,-0.149,0.133,60.756,3.065,-9.627,47,98
57763,-0.762,0.312,0.115,58.557,13.621,5.243,48,102
57819,-0.453,0.676,0.124,30.786,24.856,20.636,0,105
57866,-0.356,0.574,0.157,-22.298,-3.037,-2.89,47,98
57921,-0.897,0.319,-0.032,-71.412,0.135,71.145,0,102
57970,-1.512,0.14,-0.224,-136.107,-19.0,126.435,51,93
58016,-2.0,-0.466,-0.247,-140.74,-113.13,94.679,37,92
58061,-1.776,-0.763,-0.469,-126.511,-121.435,72.366,35,92
58117,-1.211,-0.742,-0.461,-93.023,-30.176,42.878,0,96
58164,-0.745,-0.568,-0.136,-57.672,25.924,-21.809,45,103
58210,-0.343,-0.53,-0.124,-35.672,7.663,-45.076,45,101
58257,-0.062,-0.442,0.029,7.141,13.641,-66.557,36,113
58312,0.009,-0.544,-0.149,21.511,-8.759,-68.725,0,99
58362,-0.637,-0.838,-0.328,107.221,34.718,-90.847,47,97
58407,-1.754,-0.7,-0.289,121.435,135.168,-87.336,39,93
58455,-2.0,-0.219,0.089,96.382,122.832,-34.061,49,95
58501,-1.783,-0.059,0.296,49.809,36.173,9.505,47,97
58599,-0.444,0.443,0.153,35.656,-11.343,-11.163,0,104
58655,-0.11,0.539,0.158,40.796,24.443,19.754,0,104
58706,-0.74,0.423,0.19,-55.763,-5.959,66.725,45,98
58761,-1.605,0.082,-0.117,-90.74,10.95,93.16,0,95
58806,-1.98,-0.802,-0.438,-62.748,-81.832,105.863,36,93
58862,-1.651,-0.688,-0.198,-60.244,-40.878,88.321,0,96
58908,-0.936,-0.592,-0.075,-58.603,-27.275,24.611,45,98
58962,-0.495,-0.435,-0.046,-55.908,-22.832,-12.962,0,99
59008,0.051,-0.494,-0.185,-31.718,2.499,-55.45,44,100
59062,0.22,-0.492,-0.178,-12.307,25.305,-58.939,0,99
59116,-0.517,-0.902,-0.314,74.985,37.489,-44.351,0,95
59170,-1.775,-0.863,-0.225,129.603,80.015,-72.458,0,92
59225,-1.96,-0.565,0.101,118.16,65.382,-31.924,0,95
59282,-1.182,-0.146,0.096,113.702,60.87,-18.947,0,95
59327,-0.693,0.427,0.132,111.366,68.244,-20.267,48,96
59373,-0.481,0.574,0.208,87.542,48.618,-16.466,49,103
59419,-0.528,0.533,0.218,48.802,32.664,24.244,51,98
59473,-1.087,0.311,0.232,-28.147,-22.831,79.595,0,94
59527,-1.65,-0.487,-0.22,-26.183,-30.206,125.672,0,92
59572,-1.683,-0.822,-0.326,3.715,-31.725,78.565,36,92
59617,-1.338,-0.655,-0.135,-15.772,-15.465,40.298,36,91
59662,-1.084,-0.458,0.11,-21.496,-1.758,-26.29,37,95
59709,-0.538,-0.218,0.16,-37.405,-3.61,-57.924,35,97
59763,-0.192,-0.397,-0.025,-19.763,-21.929,-63.588,0,96
59817,0.068,-0.458,-0.189,57.42,-29.213,-38.763,0,95
59872,-0.438,-0.725,-0.234,137.267,-12.966,0.016,0,93
59917,-1.622,-1.011,-0.343,192.55,107.664,-16.244,36,89
59962,-1.712,-0.472,0.099,162.015,139.45,17.863,39,90
60015,-1.737,-0.362,-0.06,128.748,88.076,-24.606,5,27
60069,-1.339,0.154,-0.046,130.397,40.992,-27.939,0,91
60124,-0.708,0.579,0.004,106.901,38.893,-17.771,0,96
60172,-0.508,0.762,0.163,57.84,40.359,31.277,46,93
60218,-0.762,0.581,0.181,11.243,11.576,68.649,46,95
60271,-0.94,0.337,0.051,-39.794,-19.252,114.435,0,90
60325,-1.809,-0.475,-0.354,-45.198,-41.466,96.443,0,88
60370,-1.741,-0.638,-0.248,-20.244,-21.931,53.55,39,91
60416,-1.499,-0.674,-0.044,-54.313,-17.057,29.855,37,91
60460,-0.961,-0.46,0.088,-54.802,-8.711,-25.26,33,96
60505,-0.53,-0.264,0.123,-46.74,-8.227,-59.053,34,98
60563,-0.036,-0.412,-0.091,-7.274,-13.532,-92.634,0,99
60617,0.19,-0.428,-0.186,66.168,-4.289,-100.443,0,97
60672,-0.83,-0.705,-0.216,117.473,39.282,-80.183,0,95
60726,-1.807,-0.71,-0.225,144.183,60.511,-39.985,0,92
60781,-1.747,-0.51,-0.002,121.954,64.947,-12.351,0,95
60826,-1.175,-0.243,0.004,114.137,43.802,-18.481,46,97
60872,-0.825,0.332,0.134,97.496,30.412,-23.565,50,97
60918,-0.538,0.576,0.23,69.397,-3.962,-29.802,49,104
60964,-0.277,0.654,0.155,33.489,-25.565,-21.779,49,104
61014,-0.701,0.419,0.015,-25.496,16.838,65.817,50,97
61060,-1.645,0.073,-0.15,-69.748,12.016,129.725,50,98
61148,-1.619,-0.687,-0.112,-67.748,-73.977,74.13,36,91
61193,-1.293,-0.804,-0.095,-55.336,-45.939,-6.77,38,94
61239,-0.746,-0.568,0.038,-59.718,-16.379,-49.649,39,97
61285,-0.317,-0.564,-0.027,-69.321,-11.812,-77.42,52,103
61340,0.128,-0.594,-0.364,-27.229,-1.966,-84.809,0,102
61386,-0.084,-0.708,-0.286,27.229,33.55,-38.137,51,99
61444,-0.903,-1.066,-0.443,101.733,79.023,-30.87,0,93
61490,-1.834,-0.834,-0.088,118.634,127.878,-15.55,50,92
61536,-1.99,-0.461,0.053,92.153,73.015,-5.583,50,95
61582,-1.406,-0.05,0.032,82.58,41.626,1.633,51,99
61636,-0.913,0.435,0.16,76.16,45.046,29.42,0,100
61691,-0.464,0.571,0.317,48.42,17.555,41.412,0,103
61747,-0.199,0.449,0.29,13.794,-21.328,62.282,0,100
61793,-0.934,-0.017,0.041,-44.924,-3.645,84.908,46,96
61838,-2.0,-0.124,-0.024,-59.443,0.587,83.29,45,94
61887,-2.0,-0.604,-0.208,-57.634,-55.046,29.847,45,94
61932,-1.453,-0.543,-0.092,-63.611,-54.618,32.537,36,98
61978,-0.79,-0.417,-0.062,-53.435,-37.069,-17.649,37,102
62024,-0.326,-0.379,-0.097,-41.351,-37.473,-34.412,43,104
62070,0.137,-0.521,-0.325,-14.165,-27.939,-61.328,36,103
62116,0.242,-0.406,-0.276,51.298,25.115,-56.366,43,106
62171,-0.169,-0.653,-0.244,58.939,49.618,-21.634,0,99
62226,-1.831,-1.019,-0.128,110.473,109.069,-71.794,0,95
62280,-2.0,-0.476,0.279,76.023,68.794,-48.198,0,99
62337,-1.557,-0.22,0.154,66.153,48.309,-28.435,0,96
62392,-1.087,0.138,-0.022,75.458,41.366,-25.977,0,100
62447,-0.57,0.394,0.209,49.626,30.947,-17.435,0,102
62501,-0.433,0.548,0.245,-6.429,-12.699,18.774,0,100
62557,-0.697,0.398,-0.085,-83.595,-48.802,93.206,0,98
62612,-1.498,0.001,-0.389,-89.366,-22.321,93.595,0,94
62666,-2.0,-0.686,-0.338,-75.084,11.245,50.595,0,92
62721,-1.753,-0.73,-0.17,-94.053,-66.366,35.221,0,96
62770,-0.584,-0.507,-0.257,-61.145,-57.916,-13.473,35,97
62816,-0.056,-0.467,-0.173,-48.763,-3.703,-42.107,36,100
62862,0.147,-0.552,-0.178,-22.0,29.519,-61.573,45,101
62908,0.035,-0.589,-0.192,25.618,25.504,-49.008,46,99
62954,-0.579,-0.857,-0.214,71.679,2.205,-40.115,47,95
63000,-1.705,-0.922,-0.304,129.427,28.061,-70.786,49,93
63054,-2.0,-0.544,-0.001,94.298,66.137,-29.84,0,93
63110,-1.596,-0.39,0.103,59.893,32.718,-16.839,0,96
63164,-0.949,0.156,0.036,72.802,30.092,-20.658,0,98
63222,-0.427,0.559,0.228,48.115,23.657,-7.288,0,100
63278,-0.327,0.573,0.258,-6.263,-19.55,21.192,0,99
63333,-0.7,0.339,-0.052,-82.221,-21.603,75.985,0,96
63387,-2.0,-0.196,-0.495,-89.595,13.069,79.023,0,93
63442,-2.0,-0.587,-0.654,-74.13,-47.168,49.695,0,94
63489,-1.409,-0.635,-0.29,-93.779,-32.382,31.931,46,98
63535,-0.735,-0.507,-0.09,-97.824,-39.168,23.603,38,101
63581,-0.21,-0.618,-0.098,-75.55,-52.588,-12.011,43,104
63631,0.306,-0.605,-0.224,-20.183,-43.351,8.147,42,105
63728,-0.197,-0.814,-0.16,68.069,48.656,-69.0,0,99
63783,-2.0,-0.829,-0.155,138.115,72.244,-131.45,0,95
63831,-2.0,-0.406,0.135,56.45,75.916,-7.838,51,95
63885,-1.412,-0.309,0.093,46.412,16.242,-23.351,0,97
63940,-0.755,0.16,0.088,56.214,47.618,-41.832,0,99
63995,-0.476,0.551,0.203,33.038,9.417,-31.282,0,102
64051,-0.527,0.594,0.191,-20.122,-37.0,18.426,0,100
64106,-0.738,0.407,-0.2,-76.435,-44.237,83.473,0,97
64172,-1.891,-0.382,-0.522,-99.29,1.217,118.359,0,94
64218,-2.0,-0.804,-0.509,-60.481,-24.748,61.855,49,93
64263,-1.791,-0.604,-0.26,-91.305,-26.595,49.695,48,96
64308,-1.103,-0.381,-0.007,-134.42,-29.626,30.656,37,101
64353,-0.446,-0.486,-0.087,-140.504,-56.924,12.275,35,105
64399,0.259,-0.6,-0.258,-79.962,-66.16,3.438,41,108
64445,0.61,-0.509,-0.349,17.012,-25.481,-13.076,42,108
64490,0.209,-0.609,-0.282,73.496,55.153,-34.305,42,104
64536,-1.264,-0.812,-0.373,150.939,103.42,-44.855,13,30
64584,-2.0,-0.543,-0.193,149.008,120.656,-98.893,47,95
64638,-2.0,-0.384,0.184,54.863,51.664,-56.351,0,93
64684,-1.329,-0.044,-0.114,39.893,-29.435,-43.855,51,98
64738,-0.68,0.231,-0.11,51.58,10.788,-38.366,0,100
64793,-0.449,0.565,0.142,36.481,47.321,-32.351,0,103
64847,-0.514,0.63,0.141,-25.26,24.16,20.07,0,98
64902,-0.869,0.479,-0.001,-107.42,-32.107,69.45,0,95
64947,-1.825,-0.002,-0.629,-132.947,-38.122,72.962,50,93
64995,-2.0,-0.536,-0.687,-117.061,-53.244,71.969,48,94
65040,-1.904,-0.907,-0.568,-121.321,-47.336,76.405,36,94
65085,-1.112,-0.62,-0.232,-99.397,-35.267,41.031,35,98
65130,-0.477,-0.564,-0.097,-87.519,-35.641,41.107,38,102
65185,0.082,-0.614,-0.098,-53.359,-30.641,-30.985,0,104
65240,0.441,-0.58,-0.241,4.473,-15.828,-61.565,0,103
65286,-0.417,-0.784,-0.047,59.313,42.543,-111.191,45,98
65332,-1.836,-1.046,-0.476,126.183,53.832,-155.908,49,95
65389,-2.0,-0.513,-0.127,80.595,106.267,-46.756,0,94
65443,-1.608,-0.303,0.049,66.42,25.495,-18.626,0,97
65498,-0.949,0.145,-0.076,79.031,0.82,-12.588,0,99
65552,-0.603,0.565,0.183,56.29,40.038,1.946,0,101
65607,-0.464,0.576,0.167,20.349,-7.82,20.307,0,101
65661,-0.579,0.471,-0.061,-91.351,-43.481,54.992,0,98
65716,-1.153,0.017,-0.49,-164.267,-24.096,101.137,0,94
65762,-2.0,-0.791,-0.577,-139.176,-38.494,69.87,48,93
65807,-2.0,-0.711,-0.334,-112.45,-60.977,49.55,44,93
65855,-1.427,-0.607,-0.242,-88.107,-54.573,38.137,37,98
65910,-0.712,-0.515,0.031,-80.092,-48.481,35.359,0,103
65956,0.115,-0.613,-0.241,-34.481,-62.863,-17.322,41,106
66001,0.463,-0.477,-0.274,16.029,-50.786,-35.313,41,107
66048,0.167,-0.696,-0.344,57.786,6.824,-87.435,42,104
66094,-0.956,-0.901,-0.438,116.29,47.603,-128.458,42,99
66139,-1.988,-0.613,-0.047,117.954,98.763,-110.214,46,98
66194,-2.0,-0.518,0.233,77.802,68.42,-32.931,0,96
66291,-0.741,0.248,0.1,76.687,29.561,5.496,0,101
66348,-0.508,0.584,0.202,47.29,30.366,23.264,0,103
66402,-0.465,0.572,0.234,-21.466,-4.822,32.397,0,100
66457,-1.049,0.395,0.011,-103.069,-22.634,96.786,0,98
66511,-2.0,0.088,-0.093,-167.221,-40.29,119.672,0,94
66557,-2.0,-0.753,-0.662,-108.336,-88.008,61.076,44,96
66603,-1.491,-0.384,-0.273,-101.176,-13.934,45.153,45,97
66649,-1.338,-0.412,-0.138,-111.55,-20.645,-15.532,35,100
66694,-0.337,-0.43,-0.182,-121.618,-39.74,-31.7,32,103
66743,0.279,-0.57,-0.26,-88.504,-38.305,-23.153,43,106
66789,0.344,-0.742,-0.279,-23.504,-20.557,-30.107,43,105
66835,-0.513,-1.17,-0.379,64.252,27.075,-69.992,44,100
66881,-1.591,-0.809,-0.26,131.191,102.573,-107.191,45,97
66935,-2.0,-0.411,0.215,80.29,124.641,-45.321,0,98
66991,-1.717,-0.131,0.244,55.183,-30.679,-41.0,0,99
67045,-0.77,0.254,-0.013,74.504,1.691,-31.344,0,102
67100,-0.613,0.572,0.229,51.397,49.924,13.552,0,102
67155,-0.558,0.79,0.336,-10.548,-7.791,42.779,0,101
67213,-0.759,0.541,-0.108,-92.351,-54.13,113.977,0,101
67260,-1.798,0.15,-0.579,-146.305,-26.908,128.962,14,36
67306,-2.0,-0.672,-0.81,-145.733,-34.336,65.229,44,97
67352,-1.941,-0.671,-0.449,-149.878,-41.977,29.924,37,99
67397,-1.196,-0.624,-0.299,-137.901,-43.924,5.735,35,102
67443,-0.51,-0.474,0.054,-140.084,-37.496,24.415,36,105
67489,0.066,-0.56,-0.183,-121.489,-28.977,-12.756,37,107
67535,0.296,-0.499,-0.227,-61.427,8.421,-24.473,42,107
67585,-0.116,-0.658,-0.154,-5.329,-25.77,-65.656,42,107
67631,-0.691,-0.741,-0.317,58.863,43.794,-69.252,44,101
67685,-2.0,-0.836,0.078,44.328,103.756,-68.252,0,97
67741,-2.0,-0.299,0.252,21.115,10.824,-39.687,0,111
67796,-1.095,0.063,0.03,31.687,-12.609,-18.185,0,110
67853,-0.684,0.46,0.239,34.58,10.4,47.247,0,121
67908,-0.526,0.622,0.226,47.943,-36.519,44.893,0,103
67963,-0.598,0.446,-0.148,-59.824,-50.931,84.229,0,103
68011,-1.221,0.305,-0.441,-150.198,8.213,120.992,48,58
68066,-2.0,-0.457,-0.998,-168.328,27.865,72.588,0,104
68111,-1.807,-0.446,-0.613,-176.29,-10.964,74.206,34,97
68157,-0.987,-0.565,-0.49,-155.046,13.768,68.412,38,100
68203,-0.592,-0.527,-0.169,-149.359,25.092,50.008,42,102
68258,-0.332,-0.679,-0.187,-114.611,-30.84,19.378,0,105
68314,0.177,-0.476,-0.293,-59.893,-57.275,-19.573,5,33
68369,-0.654,-0.509,-0.115,-36.779,-39.145,-39.725,0,97
68414,-1.663,-0.481,-0.2,1.826,34.824,-58.267,30,95
68463,-2.0,-0.117,0.258,25.489,53.649,30.851,31,106
68508,-1.504,0.063,0.196,28.779,-12.226,-9.576,28,100
68554,-1.037,0.165,0.191,53.076,0.671,-1.971,28,109
68599,-0.778,0.355,0.348,54.931,-16.934,17.861,30,103
68644,-0.44,0.426,0.273,15.423,-68.496,11.95,29,101
68689,-0.387,0.492,-0.005,-27.55,-65.863,34.656,27,103
68736,-0.715,0.534,-0.264,-83.733,-6.345,69.405,27,106
68834,-1.953,-0.285,-0.388,-97.878,-23.817,40.954,0,97
68882,-1.233,-0.431,-0.28,-62.13,28.748,-9.121,36,96
68928,-1.077,-0.507,-0.044,-46.282,-4.28,-51.931,36,99
68983,-0.376,-0.496,-0.046,-42.069,-35.214,-97.992,0,101
69029,-0.114,-0.36,-0.129,-33.893,-20.893,-110.305,39,100
69085,-0.388,-0.385,-0.009,-24.237,-7.863,-64.595,0,99
69139,-1.204,-0.646,0.133,17.077,35.878,-51.603,0,96
69185,-1.96,-0.543,0.351,21.171,23.672,0.927,43,97
69231,-1.623,-0.251,0.45,0.389,-17.874,3.095,44,98
69288,-1.176,-0.096,0.224,4.451,-25.053,23.861,0,138
69339,-0.619,0.358,0.026,-21.171,-25.176,23.527,44,102
69385,-0.369,0.493,0.068,-31.237,-14.55,26.122,47,102
69432,-0.441,0.415,0.087,-74.252,-23.618,57.053,47,103
69478,-0.729,0.26,-0.153,-109.947,-20.015,108.969,44,101
69524,-1.626,0.032,-0.26,-132.252,-9.18,120.725,45,98
69570,-1.969,-0.539,-0.31,-131.046,-25.282,83.015,37,96
69616,-1.917,-0.552,-0.058,-129.969,-35.809,46.603,35,96
69661,-1.238,-0.524,-0.087,-103.718,-34.809,34.669,34,102
69711,-0.573,-0.332,-0.116,-101.695,-10.029,10.638,39,104
69757,-0.105,-0.517,-0.288,-81.405,-16.06,-21.561,36,108
69805,0.146,-0.594,-0.313,-42.153,28.977,-25.718,36,109
69851,-0.139,-0.763,-0.184,-27.985,36.198,-24.58,42,105
69906,-1.398,-1.251,-0.176,41.618,-25.657,-73.992,0,100
69953,-1.715,-0.701,0.155,38.588,31.481,-86.557,47,98
69999,-1.922,-0.355,0.367,16.741,59.603,-47.733,48,108
70046,-1.447,-0.041,0.24,24.29,14.635,-30.198,47,103
70093,-0.918,0.367,0.194,35.519,-10.917,-16.315,47,109
70152,-0.415,0.497,0.227,24.417,1.939,20.509,0,105
70208,-0.315,0.544,0.208,-28.985,-6.954,65.038,0,105
70254,-0.982,0.256,-0.025,-87.053,-7.981,122.802,44,103
70301,-1.989,-0.016,-0.041,-107.489,-33.618,118.053,45,100
70347,-2.0,-0.679,-0.403,-65.466,-68.29,45.687,36,102
70393,-1.637,-0.469,-0.126,-66.977,-16.389,38.435,35,103
70440,-1.019,-0.438,-0.082,-74.595,-5.585,34.25,44,105
70487,-0.327,-0.421,-0.181,-68.344,-22.557,-21.871,36,107
70550,0.061,-0.646,-0.241,-40.061,-27.756,-32.305,0,107
70596,0.017,-0.782,-0.318,23.271,20.275,-48.649,41,107
70650,-0.677,-0.746,-0.054,56.847,62.015,-63.206,0,103
70705,-1.778,-0.508,0.187,73.473,105.328,-91.321,0,99
70751,-1.974,-0.369,0.223,53.733,31.885,-53.771,46,97
70796,-1.228,-0.079,0.116,61.267,45.84,-25.954,46,101
70851,-0.762,0.301,0.214,50.069,51.947,-12.656,0,105
70905,-0.457,0.411,0.258,27.756,30.565,-20.595,0,103
70950,-0.407,0.391,0.183,-13.929,1.521,38.176,46,99
71000,-0.669,0.134,0.115,-48.313,27.402,103.817,44,106
71054,-1.814,-0.205,-0.037,-63.046,-1.627,101.458,0,94
71099,-2.0,-0.769,-0.233,-24.061,-30.527,43.954,46,92
71153,-1.671,-0.641,0.082,-43.046,-25.771,36.817,0,99
71207,-0.745,-0.304,0.086,-55.939,-27.939,18.527,0,100
71263,-0.047,-0.365,-0.177,-46.603,-28.281,-15.168,0,110
71360,0.005,-0.608,-0.234,37.313,-21.664,-17.046,0,101
71406,-0.657,-0.9,-0.304,132.481,-24.13,-40.786,44,97
71460,-1.833,-0.85,-0.067,153.519,98.244,-75.13,0,93
71508,-2.0,-0.579,0.463,65.656,78.87,-21.431,49,93
71554,-1.332,-0.288,-0.044,91.099,34.218,-39.893,46,96
71600,-0.698,0.143,-0.127,99.267,55.092,-41.702,47,98
71645,-0.547,0.405,0.044,85.458,91.275,-36.527,48,98
71699,-0.423,0.569,0.324,52.183,59.26,-17.176,0,101
71753,-0.565,0.576,0.283,42.856,39.365,41.252,0,95
71808,-1.18,0.305,-0.099,-57.137,18.796,94.008,0,97
71862,-2.0,-0.885,-0.286,-57.977,-47.878,98.679,0,91
71919,-1.983,-0.8,-0.069,-45.779,-68.588,88.336,0,92
71973,-1.119,-0.489,0.031,-44.244,-29.0,48.954,0,98
72029,-0.479,-0.271,0.012,-50.534,3.535,42.153,0,102
72084,0.198,-0.445,-0.261,-14.777,-11.408,-16.466,0,106
72138,0.313,-0.467,-0.259,39.947,7.173,-15.313,0,103
72184,-0.489,-0.708,-0.192,127.359,0.334,-57.397,43,99
72229,-1.658,-0.75,-0.227,179.718,52.496,-110.496,46,95
72284,-2.0,-0.343,0.128,115.901,121.725,-56.718,0,92
72330,-1.812,-0.07,0.098,90.496,29.275,-49.237,49,94
72378,-1.168,0.11,-0.056,112.397,10.614,-53.267,47,98
72424,-0.789,0.413,0.067,107.153,31.023,-39.511,49,96
72469,-0.585,0.529,0.208,80.29,26.076,-15.641,50,99
72524,-0.59,0.552,0.25,30.038,5.26,15.445,0,96
72579,-1.082,0.402,0.104,-48.489,-20.29,92.886,0,94
72624,-1.819,-0.086,-0.212,-79.672,-46.55,100.74,46,92
72678,-1.947,-0.506,-0.211,-82.008,-70.626,84.977,0,95
72723,-1.567,-0.594,-0.204,-73.626,-52.061,64.389,36,100
72769,-1.212,-0.433,-0.139,-59.198,-24.458,39.908,33,99
72818,-0.425,-0.396,-0.052,-56.107,-23.403,-2.204,42,104
72863,0.037,-0.506,-0.161,-26.153,-20.542,-22.817,42,103
72909,0.231,-0.539,-0.162,-24.017,-32.936,-53.878,42,103
72955,-0.171,-0.625,-0.145,54.336,-4.099,-78.275,44,102
73000,-1.417,-0.805,-0.218,112.603,61.305,-117.466,37,97
73047,-1.905,-0.636,0.009,113.229,96.26,-67.939,47,94
73092,-2.0,-0.265,0.227,98.947,63.573,-49.534,48,93
73138,-1.559,-0.106,0.164,88.618,-22.742,-43.74,50,95
73188,-1.043,0.201,0.12,81.481,-13.963,-34.496,48,112
73242,-0.618,0.43,0.131,60.145,-13.798,-26.794,196,102
73297,-0.225,0.707,0.062,4.897,-19.863,4.841,0,104
73352,-0.529,0.582,-0.046,-73.267,9.433,74.458,184,101
73397,-1.446,0.211,-0.182,-109.275,27.817,95.771,46,96
73443,-2.0,-0.552,-0.299,-110.802,-31.435,80.954,38,93
73488,-2.0,-0.436,-0.21,-128.542,-66.542,86.748,35,92
73537,-1.576,-0.659,-0.252,-114.458,-52.893,69.16,121,95
73595,-0.73,-0.394,-0.078,-80.603,-36.145,46.733,36,101
73644,-0.354,-0.394,-0.05,-57.939,-29.542,41.767,34,104
73697,-0.045,-0.399,-0.175,-30.511,-28.649,5.619,129,105
73750,-0.063,-0.425,-0.106,7.676,-4.858,-24.992,130,103
73804,-0.647,-0.706,-0.235,36.595,-1.455,-83.679,134,100
73895,-1.903,-0.658,0.189,50.824,77.321,-113.389,50,94
73945,-1.619,-0.399,0.22,23.084,18.011,-79.053,50,95
73993,-0.848,-0.105,0.103,23.756,1.359,-56.198,52,97
74042,-0.698,0.038,0.099,24.489,12.458,-44.115,50,99
74097,-0.671,0.127,0.142,31.546,17.802,-23.16,116,100
74155,-0.703,0.157,0.145,6.433,-7.461,20.582,0,101
74204,-1.215,0.019,0.134,-31.748,-33.763,43.672,51,96
74257,-1.135,0.009,0.063,-51.618,-44.992,92.076,147,95
74311,-1.938,-0.306,0.05,-80.626,-26.244,69.45,145,93
74359,-1.586,-0.125,0.062,-85.435,-84.954,122.053,44,95
74407,-1.178,-0.182,-0.027,-101.855,-113.336,131.237,34,97
74456,-1.112,-0.195,0.067,-97.191,-124.244,117.656,38,105
74506,-0.942,-0.14,0.175,-92.908,-165.122,110.977,29,95
74564,-1.198,-0.307,0.26,-82.16,-188.962,96.939,0,109
74619,-0.959,-0.25,0.343,-48.206,-215.496,64.176,0,55
74675,-0.677,-0.132,0.505,-27.205,-184.221,45.695,0,65
74729,-0.412,-0.018,0.703,6.439,-160.092,31.023,0,48
74783,-0.207,-0.061,0.651,0.806,-69.237,25.166,0,47
74838,-0.238,0.058,0.936,10.046,-23.305,22.962,0,45
74892,-0.212,-0.095,0.818,-0.6,-63.176,26.29,0,44
74946,-0.019,-0.107,0.696,-8.005,-21.557,23.244,0,43
75003,-0.237,-0.316,0.929,-15.649,-5.882,-7.88,0,41
75058,-0.208,-0.132,1.023,0.122,11.036,-4.756,0,40
75112,-0.097,-0.062,0.981,-10.388,11.594,1.397,0,39
75155,-0.148,0.003,1.011,-8.074,8.001,18.784,17,38
75209,-0.128,-0.018,0.95,-10.017,-2.877,17.933,0,36
75252,-0.134,-0.011,0.959,-3.236,14.533,26.715,16,36
75305,-0.157,0.048,1.01,-1.999,18.306,29.962,0,34
75360,-0.222,0.07,1.013,-12.708,7.589,41.405,0,33
75413,-0.215,0.055,0.992,-1.004,8.582,61.534,0,32
75459,-0.188,0.17,0.951,-10.101,3.146,86.168,17,33
75502,-0.251,0.17,0.966,-7.802,10.512,95.985,18,32
75556,-0.331,0.157,0.969,-7.333,5.866,99.74,0,34
75609,-0.376,0.119,0.95,-19.748,1.422,98.931,16,0
75672,-0.412,0.09,0.914,14.907,7.89,102.023,0,0
75711,-0.5,0.085,0.934,-19.038,2.104,96.84,19,0
75774,-0.473,0.045,0.958,-25.484,0.095,87.794,0,0
75824,-0.431,0.095,0.97,-10.731,10.896,91.359,0,0
75890,-0.398,0.11,0.959,-17.205,-0.994,94.832,0,191
75956,-0.368,0.14,0.935,-11.948,-0.632,94.397,0,192
76010,-0.413,0.106,0.933,-27.187,-15.203,88.344,0,28
76063,-0.398,0.076,0.913,-12.219,-6.535,87.817,0,30
76118,-0.401,0.079,0.907,-8.449,-12.76,88.046,0,35
76172,-0.314,0.061,0.894,-18.698,-28.448,80.076,0,36
76226,-0.174,0.005,0.884,-10.887,24.794,67.244,0,40
76280,-0.213,0.103,1.081,0.702,27.842,99.374,0,48
76344,-0.107,-0.026,1.044,-8.976,3.37,88.58,0,0
76407,-0.12,-0.113,1.107,-9.618,15.903,94.771,0,0
76474,-0.054,-0.079,1.031,-22.192,-11.342,89.687,0,0
76536,-0.034,-0.056,0.948,-24.411,-9.838,85.298,184,0
