Timestamp(ms),AccelX(g),AccelY(g),AccelZ(g),GyroX(deg/s),GyroY(deg/s),GyroZ(deg/s),DistanceLeft(cm),DistanceRight(cm)
47832,0.063,-0.842,0.225,1.74,6.176,4.04,111,112
47879,-0.049,-0.973,0.231,-2.77,-3.553,3.768,111,70
47927,-0.171,-1.113,0.05,-5.5,-10.448,-2.372,111,64
47974,-0.054,-0.978,0.217,-0.869,0.957,6.117,110,69
48021,-0.199,-1.107,0.228,-2.386,-1.891,-3.918,110,63
48069,-0.048,-0.97,0.216,0.191,0.164,8.755,110,69
48116,-0.017,-0.939,0.263,-0.371,-1.488,9.416,109,70
48166,-0.232,-1.157,-0.023,-5.197,-11.423,-5.904,110,67
48214,-0.276,-1.195,-0.096,-7.245,-8.175,-6.841,109,67
48261,-0.026,-0.952,0.227,-1.873,3.812,1.732,108,67
48309,-0.356,-1.239,0.218,-10.943,-14.074,-5.206,32,21
48356,-0.015,-0.949,0.251,-1.179,-2.372,-0.133,108,64
48403,0.078,-0.87,0.219,1.554,2.666,0.817,108,70
48450,0.099,-0.841,0.392,3.141,5.029,2.182,109,72
48498,-0.016,-0.942,0.255,-1.276,2.671,-0.435,109,70
48545,-0.222,-1.133,0.012,-9.393,-4.812,-6.572,108,70
48598,-0.106,-1.017,0.137,-5.715,0.829,-3.448,108,112
48646,-0.2,-1.1,0.049,-8.615,-2.611,-3.344,108,69
48693,-0.243,-1.163,-0.056,-10.365,-5.545,-3.644,108,64
48740,0.038,-0.891,0.306,0.382,9.619,3.524,108,64
48787,-0.042,-0.964,0.244,-1.227,3.171,2.852,108,71
48835,-0.036,-0.969,0.192,-2.328,1.888,2.415,107,76
48882,-0.058,-0.996,0.179,-3.182,3.156,2.369,107,78
48930,-0.091,-1.03,0.125,-3.915,4.159,-0.417,107,76
48977,-0.08,-1.007,0.156,-3.805,5.217,-1.623,107,67
49028,-0.203,-1.109,0.016,-8.815,-6.046,-6.668,107,64
49075,0.076,-0.854,0.341,2.949,20.067,3.029,106,65
49122,0.004,-0.94,0.238,-0.826,13.795,-1.486,105,63
49169,0.026,-0.884,0.287,1.272,20.859,0.588,106,63
49216,-0.168,-1.077,0.06,-14.95,-2.273,-14.918,105,60
49262,-0.285,-1.184,-0.066,-27.005,-13.45,-23.416,104,60
49309,-0.142,-1.031,0.105,-14.159,0.529,-11.039,103,62
49356,-0.098,-0.994,0.131,-11.25,3.555,-7.993,103,67
49403,0.006,-0.906,0.234,-0.998,29.02,-2.346,102,64
49453,0.015,-0.924,0.128,-5.539,25.969,-3.335,102,63
49500,-0.222,-1.111,-0.073,-28.169,63.702,-9.082,93,68
49547,-0.203,-1.073,-0.006,-14.61,89.267,-3.501,95,67
49598,-0.198,-0.979,0.116,-9.513,110.626,5.76,100,127
49646,-0.319,-1.025,0.143,-18.002,103.45,20.405,57,130
49693,-0.472,-1.188,0.324,-27.267,28.947,25.725,51,129
49744,-0.38,-0.798,0.305,-36.489,-60.427,25.252,98,132
49797,0.013,-1.119,0.242,0.01,-92.366,18.168,118,133
49848,0.552,-0.292,0.238,33.969,113.164,-19.618,94,86
49893,0.671,0.001,-0.251,61.473,182.588,-90.565,58,81
49941,-0.048,-0.065,-0.519,74.779,250.13,-91.053,31,163
49991,-1.074,-0.815,0.461,27.992,119.153,11.76,30,190
50039,-0.724,-2.0,-0.122,-63.038,-250.137,27.244,23,148
50087,-0.011,-1.491,-0.134,-38.26,-250.137,-41.885,75,109
50135,1.334,-1.312,-0.848,55.496,-86.412,-136.656,24,25
50186,0.157,-1.488,-0.625,-70.072,79.0,-75.771,96,140
50273,0.908,-1.73,-0.874,21.0,-30.305,-67.829,13,25
50327,0.403,-0.794,-0.258,-28.336,188.489,-72.725,98,133
50378,0.19,-0.765,0.721,-85.931,81.153,25.595,102,131
50429,0.543,-1.432,-0.339,71.595,123.695,-31.534,28,42
50480,-0.32,-0.092,0.332,24.809,211.687,-41.206,75,152
50530,-0.726,-0.873,1.363,-82.389,-169.924,43.496,76,138
50580,0.924,-1.938,-0.833,107.603,-179.16,-25.538,75,137
50630,0.454,-0.384,-0.198,75.794,176.336,-58.603,77,137
50680,-0.767,-0.635,0.733,-70.611,89.603,23.244,76,135
50734,-0.269,-1.553,-0.015,21.115,-208.031,85.29,74,136
50785,0.357,-0.764,-0.149,77.397,-74.794,-2.495,91,138
50834,0.193,-0.428,0.074,-36.282,67.351,63.26,74,137
50884,0.389,-1.339,-0.209,-71.191,32.954,65.389,74,138
50934,-0.006,-1.032,0.211,19.756,111.031,4.4,76,138
50984,-0.656,-0.965,0.818,-76.145,-103.313,34.0,75,138
51035,0.469,-2.0,-0.509,3.741,-244.305,54.519,71,137
51085,0.753,-0.752,-0.339,74.267,57.511,-38.263,74,140
51133,-0.665,-0.704,0.68,-48.496,29.519,37.099,74,118
51186,0.175,-1.789,-0.156,15.451,-168.435,51.618,74,143
51233,0.671,-0.657,-0.507,121.656,135.893,12.283,75,84
51281,-0.874,-0.439,0.532,-19.626,125.626,7.779,78,103
51329,-0.437,-1.302,0.263,-34.412,-143.305,28.008,78,83
51376,0.605,-1.392,-0.922,102.321,84.84,-48.389,79,75
51425,-0.729,-0.25,0.279,-17.491,204.939,-5.656,84,104
51472,-0.858,-1.086,0.726,-96.977,-109.298,45.908,61,107
51519,0.397,-1.656,-0.745,34.122,-96.244,18.906,79,85
51569,0.058,-0.489,0.525,33.535,134.878,50.268,82,92
51617,-0.249,-0.781,0.469,-36.336,57.794,66.328,83,107
51666,0.108,-1.406,0.095,49.206,38.168,23.301,82,103
51715,-0.735,-0.767,0.749,21.74,-29.229,-9.364,80,100
51763,-0.644,-0.998,0.444,-19.427,-250.137,29.832,80,102
51808,0.307,-1.141,-0.453,37.099,-157.481,-24.259,78,53
51854,-0.263,-0.667,0.424,-33.374,-49.481,-9.552,82,54
51901,0.081,-1.251,0.166,-27.145,-33.053,-4.736,109,54
51948,0.303,-0.78,0.166,31.511,165.382,-20.435,96,56
51999,-0.717,-0.702,0.698,-30.58,179.901,1.269,89,100
52047,-0.702,-0.717,0.704,44.241,-35.176,24.527,95,83
52099,-0.186,-0.938,0.421,22.031,-117.023,30.008,114,106
52153,0.101,-0.763,0.226,23.447,-64.634,27.679,0,82
52206,0.174,-0.964,0.191,9.614,-8.789,10.608,0,80
52260,-0.051,-0.796,0.298,18.634,90.962,-28.947,0,80
52315,0.009,-0.623,0.4,21.655,33.221,-18.198,0,84
52368,0.12,-0.774,0.221,38.064,79.479,15.807,0,82
52425,-0.416,-0.834,0.433,20.687,107.944,21.946,0,82
52476,-0.395,-1.276,0.253,-27.435,-113.519,-12.11,137,86
52526,0.279,-0.677,0.416,39.772,-77.802,87.161,123,67
52575,0.098,-0.727,0.491,31.786,-31.87,78.779,127,66
52623,0.112,-0.869,0.295,95.74,38.313,61.603,119,66
52676,-0.281,-0.655,0.246,120.74,132.214,-13.857,0,65
52729,-1.355,-1.18,0.892,37.275,-142.582,-100.115,0,62
52826,0.435,-0.512,-0.07,53.931,-207.267,-46.641,0,57
52882,0.094,-0.27,0.234,-68.015,250.13,-89.328,0,60
52934,-0.895,-0.789,0.55,-49.252,142.076,-3.185,132,60
52984,-0.24,-0.897,0.392,8.709,23.311,-54.809,144,66
53037,-0.361,-0.653,0.559,-35.641,117.868,-90.092,143,110
53086,-0.412,-0.645,0.634,-54.0,-174.947,-30.687,113,69
53134,0.669,-1.127,0.127,67.702,-122.038,-48.275,110,67
53190,0.765,-0.529,-0.441,88.794,143.26,-85.641,115,0
53232,-0.345,-0.563,0.241,-75.756,250.13,30.092,102,0
53280,-0.89,-0.645,1.398,-158.573,-31.916,83.695,61,124
53335,-0.04,-1.557,0.402,0.429,-250.137,51.924,94,130
53380,0.948,-1.08,-0.336,84.641,-136.359,-40.046,67,46
53429,0.733,-0.397,-0.165,-22.427,131.252,-29.931,117,84
53480,-0.065,-0.971,0.22,-136.74,233.565,-0.028,93,117
53529,-0.657,-1.64,0.986,-115.244,31.656,-26.915,89,115
53578,-0.098,-1.173,0.449,-3.365,-132.954,1.504,92,91
53626,0.331,-1.038,0.065,-56.038,-125.397,23.611,91,87
53673,0.376,-1.208,0.312,-57.038,-29.931,19.053,58,92
53719,0.179,-1.384,0.506,-27.412,36.191,59.947,58,65
53767,0.148,-0.722,0.403,-7.277,33.847,53.702,59,65
53813,0.108,-1.273,0.433,-26.099,-30.954,26.153,60,64
53859,0.367,-0.883,-0.069,39.321,58.344,-51.13,60,92
53908,-0.264,-0.822,-0.06,-4.649,143.595,-31.954,92,87
53956,-0.504,-1.098,0.529,-44.748,-68.164,17.031,91,86
54005,0.198,-1.304,0.167,29.047,-115.534,39.763,99,91
54060,0.363,-0.809,-0.322,37.729,72.014,28.387,97,90
54107,0.111,-0.65,0.318,-26.672,80.366,38.756,100,94
54155,-0.07,-1.345,0.08,-11.248,26.13,12.9,95,87
54205,0.124,-0.942,-0.098,32.588,85.069,3.781,96,86
54252,-0.456,-0.845,-0.077,-23.588,101.122,18.527,91,81
54300,0.057,-1.167,0.227,-34.237,180.877,19.74,104,88
54347,0.189,-1.114,-0.203,23.046,36.107,-3.559,94,86
54394,0.089,-0.84,-0.271,19.069,163.252,-6.591,61,114
54441,-0.521,-0.794,-0.197,-23.588,125.305,19.771,60,111
54489,-0.456,-0.803,0.248,-32.855,-31.443,19.412,61,111
54536,0.242,-0.685,0.269,62.709,-67.824,31.038,62,113
54585,0.153,-0.588,-0.168,32.443,-68.313,35.023,63,88
54632,0.198,-0.402,-0.095,38.084,111.672,28.74,61,111
54679,0.075,-0.118,0.026,48.168,185.855,22.931,62,109
54726,-0.217,-0.189,-0.083,47.641,196.504,22.137,64,106
54772,-0.868,-0.476,0.279,31.847,74.176,11.53,60,102
54818,-1.185,-0.815,-0.147,-50.336,-250.137,-99.305,60,97
54865,-0.732,-1.389,-0.143,-83.321,-250.137,-76.656,18,29
54908,0.623,-2.0,-0.809,146.206,-196.359,20.863,62,45
54952,0.407,-1.589,-0.529,139.595,101.29,51.863,60,46
55001,0.209,-0.793,-0.696,0.822,250.13,111.679,59,94
55048,-0.547,-1.147,-0.27,-139.733,250.13,90.71,61,94
55094,-1.169,-1.461,1.094,-190.618,135.618,-73.397,63,96
55140,-1.149,-1.602,0.763,-34.435,-237.046,-129.618,64,92
55187,0.099,-1.436,-0.417,38.885,-250.137,-127.328,67,89
55276,0.409,-0.756,-0.448,17.451,250.13,35.271,70,86
55322,-0.868,-1.272,-0.069,-54.195,250.13,36.87,72,84
55373,-0.907,-0.846,0.004,-24.997,-152.015,65.229,73,169
55424,-1.09,-1.301,-0.18,-26.87,-199.947,16.74,74,83
55470,0.576,-1.411,-1.259,60.565,193.637,-29.756,75,81
55521,-0.683,-0.639,0.092,19.321,181.229,-67.542,75,166
55571,-0.869,-1.202,0.722,-99.031,-120.023,-42.944,76,141
55617,-0.217,-1.552,-0.428,43.435,-218.244,-34.377,76,77
55663,0.367,-0.667,-0.115,24.458,-118.557,-38.389,77,87
55710,0.307,-0.566,0.425,-50.26,-122.527,33.03,78,86
55756,0.571,-1.468,-0.722,46.275,57.863,16.26,79,78
55802,-0.409,-0.569,0.025,47.947,169.87,27.458,79,78
55846,-0.797,-0.752,0.51,-47.183,-42.847,42.076,79,76
55894,0.082,-1.392,-0.191,1.5,-168.015,30.443,82,78
55940,0.271,-0.761,-0.379,57.122,46.397,-14.963,82,77
55987,-0.544,-0.458,0.3,-15.469,14.304,30.405,82,75
56033,0.511,-1.216,0.862,-3.458,-117.221,34.542,93,83
56080,0.315,-1.388,-0.928,94.817,161.824,-55.473,89,77
56126,-1.097,-0.199,0.469,-30.786,150.489,34.167,87,75
56173,-0.856,-0.985,0.578,-98.458,-136.748,52.542,87,74
56222,-0.228,-1.249,-0.654,74.229,-32.809,-29.161,85,70
56269,-1.195,0.001,0.627,-60.389,-150.702,19.809,81,67
56318,-0.151,-1.395,-0.353,-110.595,-250.137,28.649,154,53
56367,1.106,-0.874,-1.051,88.664,195.985,-59.908,132,53
56414,-1.316,0.042,0.741,-49.382,242.221,63.031,86,72
56464,-1.287,-1.686,0.646,-65.817,-250.137,75.412,163,52
56510,0.647,-1.528,-1.033,86.351,-179.962,-25.298,132,24
56558,-0.39,-0.276,-0.09,20.511,69.878,-24.084,158,24
56602,-0.387,-1.092,0.068,-82.008,-155.604,-8.714,33,24
56652,0.133,-1.985,-0.848,39.682,96.748,-77.664,164,46
56696,-1.097,-0.268,0.624,11.748,117.527,-25.809,36,71
56744,-0.94,-1.087,-0.047,-60.939,-146.366,65.305,147,47
56787,-0.171,-1.331,-0.194,-29.716,-147.214,27.084,37,49
56830,0.181,-1.141,-0.471,40.191,45.916,-44.031,36,54
56881,-0.418,-0.594,-0.107,-23.976,171.427,-28.55,167,51
56932,-0.697,-1.122,0.477,-49.954,-25.575,31.229,168,76
56984,-0.465,-1.181,-0.512,50.87,27.42,-48.031,167,78
57038,-1.033,-0.281,0.587,-65.504,-25.122,-10.849,167,63
57089,-0.691,-1.514,-0.254,-45.267,-250.137,-13.612,166,63
57140,0.614,-1.08,-0.623,108.069,-90.832,-39.321,163,61
57189,-0.579,-0.419,-0.079,31.076,144.084,-23.618,132,61
57240,-0.643,-0.684,0.299,-57.13,108.759,35.869,160,80
57290,-0.303,-1.453,-0.114,34.076,-101.55,-20.374,148,65
57338,0.045,-0.646,0.057,50.244,18.509,-18.786,141,32
57390,-0.317,-0.836,0.396,-43.443,-40.466,-2.982,0,34
57444,0.258,-1.472,-0.243,44.29,-62.342,1.418,0,36
57495,0.213,-0.666,0.17,57.176,179.13,5.822,138,99
57547,-0.463,-0.727,0.447,-20.107,179.702,22.793,147,102
57603,-0.593,-1.098,0.528,-1.061,4.093,13.788,0,100
57658,-0.465,-0.872,0.406,18.254,-158.176,13.135,0,105
57751,0.429,-0.847,-0.146,22.374,2.255,-15.951,133,76
57806,-0.183,-0.639,0.298,-20.328,180.595,-3.657,156,140
57861,-0.735,-1.146,0.525,-21.64,58.008,-0.33,158,126
57914,-0.464,-1.084,0.275,-1.264,-127.351,4.84,157,116
57969,0.04,-0.898,-0.012,27.895,-83.901,14.841,156,85
58020,-0.14,-0.81,0.235,10.209,28.23,2.268,156,89
58073,-0.14,-0.954,0.266,18.448,-28.519,5.203,157,84
58126,-0.076,-0.934,0.098,17.322,-5.998,2.216,157,118
58178,-0.429,-0.813,0.407,-17.181,-17.239,2.023,158,87
58230,-0.229,-1.13,0.092,3.747,-106.176,17.527,159,85
58283,0.215,-0.834,-0.113,38.939,36.168,3.745,158,95
58337,-0.332,-0.839,0.341,-15.33,108.382,-12.249,158,111
58391,-0.349,-1.092,0.38,-1.368,-45.805,-2.713,159,80
58443,0.06,-0.857,0.166,21.405,33.763,2.256,160,86
58497,-0.504,-0.855,0.452,-28.656,26.405,-14.341,160,110
58549,-0.253,-1.1,0.063,10.065,-52.099,-2.023,160,81
58601,-0.425,-0.617,0.227,-11.003,20.966,13.498,160,87
58653,-0.767,-0.971,0.397,-66.794,-194.061,24.511,0,54
58707,0.335,-1.228,-0.282,6.775,-128.191,21.397,0,73
58758,0.087,-0.764,-0.165,18.273,149.122,-10.453,159,54
58810,-0.814,-0.964,0.736,-58.649,25.901,-17.065,159,94
58868,-0.166,-1.27,-0.116,25.687,-112.733,-9.846,0,100
58921,-0.229,-0.751,0.273,-47.084,32.389,-31.034,0,60
58976,0.074,-1.106,0.307,-24.672,55.505,30.797,0,77
59027,0.141,-0.795,0.188,32.105,40.147,3.361,156,77
59078,-0.389,-0.854,0.298,-33.615,-29.79,-18.408,155,71
59131,-0.129,-1.083,0.221,-7.991,-48.458,-21.107,0,63
59185,0.182,-1.274,-0.114,-14.154,47.611,-24.069,0,65
59238,-0.509,-0.721,0.511,-25.687,28.589,31.507,0,63
59290,-0.314,-1.061,0.296,-19.672,-134.153,27.695,0,42
59345,0.655,-1.299,-0.429,38.626,67.321,-35.702,0,42
59399,-0.534,-1.01,0.053,23.481,250.13,-93.015,155,107
59448,-1.503,-1.022,0.972,-35.115,-190.0,-38.676,133,61
59500,0.172,-0.967,-0.351,-5.799,-250.137,36.237,0,44
59552,1.046,-0.817,-0.745,35.298,129.504,-37.962,0,43
59603,-0.016,-0.275,-0.48,24.947,250.13,-46.588,128,113
59657,-1.587,-0.42,0.772,-9.485,250.13,-37.905,138,112
59707,-1.094,-0.597,0.658,-27.802,-250.137,-98.163,127,82
59755,0.741,-1.025,-0.845,3.254,-250.137,-59.42,58,49
59801,0.693,-0.611,-0.481,28.374,75.206,-95.824,58,83
59847,-0.394,-1.524,0.267,-17.176,161.382,-23.763,69,80
59892,-0.351,-1.186,0.219,22.718,31.16,57.985,66,54
59937,-0.054,-1.267,0.221,-31.412,-10.686,138.305,61,58
59982,0.24,-1.639,0.496,-71.183,-38.847,99.832,59,60
60027,0.117,-1.885,0.209,-54.542,14.565,-99.603,58,61
60072,-0.117,-1.366,0.235,-48.954,-26.641,-143.298,57,64
60118,-0.134,-1.085,0.424,-73.313,-95.298,-41.176,57,66
60167,0.459,-1.543,0.177,-4.035,-166.252,57.198,58,69
60213,0.7,-1.216,-0.31,43.687,-176.156,-39.771,63,64
60259,0.344,-0.699,-0.221,6.421,195.855,-41.092,63,73
60350,-0.54,-1.527,0.401,-18.842,-199.046,44.519,89,83
60398,0.511,-1.149,-0.495,74.893,-136.061,-21.565,80,86
60451,0.317,-0.721,-0.155,-13.052,47.046,0.09,84,88
60498,-0.102,-1.297,0.545,-67.489,37.74,20.427,82,92
60546,0.274,-1.482,-0.248,67.679,-31.017,-31.097,79,93
60595,0.127,-0.872,-0.392,56.13,78.649,-19.038,73,81
60641,-0.378,-0.681,0.639,-29.885,-27.908,-14.871,74,83
60687,0.292,-1.258,0.131,18.655,-168.817,14.417,72,86
60731,0.757,-0.738,-0.354,69.321,29.603,-62.824,39,83
60777,-0.662,-0.291,0.25,-75.153,124.198,-28.489,44,109
60822,-0.562,-1.19,0.523,-37.809,-45.137,18.13,57,83
60868,0.365,-1.219,-0.191,42.015,-35.504,-31.649,57,82
60913,-0.046,-0.456,0.075,19.191,69.954,-34.42,57,84
60959,-0.573,-0.794,0.549,-85.191,-84.779,32.229,71,93
61006,0.133,-1.555,-0.101,20.942,-235.824,36.847,42,88
61051,0.912,-0.981,-0.448,73.931,-41.073,-39.985,42,88
61096,0.165,-0.689,-0.432,24.466,227.641,-33.107,44,89
61143,-0.634,-0.436,0.432,-79.84,151.908,17.412,64,85
61189,-0.562,-1.106,0.818,-86.298,-133.389,59.985,64,93
61236,0.301,-1.375,-0.144,56.443,-201.588,-7.794,67,95
61282,0.656,-0.89,-0.356,49.634,-30.649,-56.13,65,99
61329,0.349,-1.052,-0.11,-35.779,94.221,4.124,63,101
61378,-0.364,-1.361,0.459,-35.481,-36.786,63.282,61,104
61426,0.387,-1.298,-0.162,40.756,-185.565,60.191,59,131
61472,0.662,-1.048,-0.307,30.962,-80.969,-27.466,45,106
61519,0.222,-1.005,0.312,-34.947,-59.328,-24.389,57,107
61564,0.73,-1.89,-0.422,42.252,-30.847,-2.389,24,108
61612,0.308,-1.003,-0.074,104.916,123.374,20.191,59,106
61658,-0.133,-0.728,0.521,-3.571,37.931,63.435,58,107
61703,0.383,-1.434,-0.106,0.259,-38.236,-3.382,24,105
61748,0.293,-0.736,-0.095,45.977,108.29,-38.061,22,102
61795,-0.448,-0.672,0.486,-34.733,46.137,-0.228,23,101
61839,-0.14,-1.369,0.412,-35.695,-108.427,13.69,24,100
61884,0.624,-1.129,-0.253,79.42,39.435,-28.573,24,100
61928,-0.023,-0.618,0.29,10.167,154.58,16.702,26,98
61973,-0.305,-1.018,0.568,-30.244,67.26,19.511,28,97
62025,0.14,-1.129,0.22,22.282,-1.706,-20.89,167,96
62078,-0.505,-0.726,0.585,-13.16,-29.458,-28.901,173,95
62132,0.399,-1.138,0.194,18.916,-89.962,-38.863,173,94
62184,0.4,-0.742,-0.056,27.237,112.588,-55.191,175,94
62234,-0.348,-0.819,0.573,14.522,65.84,-24.962,71,93
62287,0.059,-0.985,0.438,16.124,-85.008,-30.924,178,93
62341,0.4,-0.815,0.028,33.489,-47.84,-25.298,81,0
62396,-0.405,-0.765,0.281,-20.084,-147.92,-8.934,180,128
62455,0.506,-1.239,0.162,28.105,-40.099,2.085,174,0
62511,0.593,-0.691,-0.158,27.863,183.115,-42.672,175,137
62561,-0.679,-0.722,0.835,-45.672,166.878,-8.125,81,131
62610,-0.535,-1.089,0.857,-33.496,-218.504,16.595,75,131
62665,0.994,-0.846,-0.335,28.55,-123.42,-6.387,38,0
62712,0.647,-0.775,-0.101,11.998,209.321,12.298,43,131
62806,-0.448,-0.875,0.896,-3.695,29.906,19.282,87,126
62856,0.199,-1.064,0.238,-15.893,-65.702,-9.663,89,123
62905,0.32,-0.786,0.179,-5.739,27.603,10.778,93,124
62961,0.16,-0.81,0.444,-31.496,42.0,23.903,0,121
63014,0.173,-0.985,0.252,14.97,41.817,11.732,144,120
63066,0.16,-0.883,0.43,-33.374,69.779,16.405,131,118
63114,-0.358,-1.211,0.348,-22.733,-66.007,-3.787,58,116
63165,0.078,-0.86,0.363,-25.107,-30.466,13.94,59,116
63212,-0.345,-0.776,0.282,-49.038,-72.344,35.267,58,124
63259,0.243,-1.124,-0.029,-17.198,-85.405,41.969,54,94
63307,0.549,-0.782,-0.132,28.342,104.847,8.817,104,93
63362,-0.02,-1.0,0.076,-14.109,250.13,-1.097,133,155
63419,-0.953,-1.163,0.823,-28.404,52.344,25.626,133,0
63471,-0.316,-1.287,0.083,-46.956,-216.656,18.397,40,37
63522,0.582,-0.963,-0.473,23.874,-40.87,20.367,135,94
63576,0.09,-0.842,-0.188,8.865,209.198,23.03,110,110
63630,-0.555,-1.006,0.323,-9.073,156.099,19.893,139,136
63684,-0.358,-1.195,0.212,14.34,-26.809,-9.896,155,134
63737,-0.098,-1.0,-0.133,3.128,-21.346,-30.298,144,134
63796,-0.435,-0.771,0.268,-30.328,26.323,-18.634,144,0
63849,0.269,-1.117,-0.088,36.542,-75.611,16.258,145,135
63906,0.162,-0.855,-0.075,20.905,52.244,2.172,138,199
63960,-0.45,-0.877,0.34,0.081,93.227,6.736,157,111
64017,-0.17,-1.089,0.038,2.384,-40.053,-4.766,142,199
64078,-0.196,-0.946,0.123,-9.818,30.145,6.16,158,0
64137,-0.124,-0.886,0.293,4.051,-46.366,18.206,158,0
64195,0.137,-1.139,-0.082,27.0,45.0,-15.811,152,0
64256,-0.878,-0.716,0.678,-21.321,6.996,0.164,0,0
64308,-0.439,-1.11,0.019,27.107,-250.137,30.779,129,118
64360,0.547,-1.126,-0.413,4.915,-111.229,24.802,0,53
64415,0.211,-1.187,-0.154,-11.523,150.115,-41.408,127,159
64472,-0.345,-0.922,0.239,-6.686,185.748,12.713,127,0
64528,-0.42,-0.86,0.387,27.87,50.847,30.204,154,107
64579,-0.276,-0.955,0.237,-8.658,-2.979,-5.76,127,107
64630,-0.542,-0.853,0.386,-35.092,-88.603,-12.035,126,108
64683,-0.365,-1.073,-0.191,-55.651,-152.695,-2.222,125,115
64734,0.464,-0.954,-0.276,30.573,32.682,16.348,124,108
64785,0.218,-0.402,-0.249,30.824,250.13,31.826,125,106
64837,-0.454,-0.394,-0.095,25.427,250.13,-3.075,152,104
64890,-0.852,-0.417,0.409,20.13,170.664,-50.519,95,169
64940,-0.917,-0.422,0.229,10.937,-156.221,-21.679,92,101
64994,-0.384,-0.678,-0.554,-38.527,-250.137,36.802,120,95
65040,0.215,-1.46,-0.289,-11.23,-202.0,88.641,71,74
65085,0.733,-2.0,-1.096,150.855,142.534,94.359,70,54
65139,-0.241,-1.002,-0.551,110.626,250.13,51.183,0,92
65196,-0.958,-1.164,-0.064,-22.371,250.13,-27.79,0,115
65247,-1.371,-1.001,0.906,-49.817,-38.321,-114.046,92,129
65299,-0.869,-1.16,0.538,-99.649,-250.137,-162.664,169,92
65347,-0.161,-1.358,-0.424,-43.206,-152.573,-111.13,72,81
65397,0.253,-1.515,-0.419,39.053,34.847,-27.813,74,82
65492,-1.058,-0.781,0.465,-81.466,-56.519,51.382,159,93
65540,0.14,-1.384,-0.194,72.068,-205.809,65.732,73,91
65587,0.417,-1.162,-0.47,101.779,-33.55,-132.336,74,82
65634,-0.179,-0.6,-0.332,66.969,182.649,-96.176,78,83
65687,-0.674,-0.772,0.097,-47.863,82.038,25.527,97,150
65735,-0.698,-1.133,0.01,-64.863,-145.015,52.008,99,84
65782,-0.536,-1.235,-0.105,-98.127,-250.137,38.756,75,77
65830,0.472,-1.275,-0.537,30.0,-94.779,-65.855,73,81
65881,0.242,-1.324,-0.504,-62.841,175.733,-58.504,73,86
65928,-0.289,-0.539,-0.071,-33.985,234.626,98.298,75,90
65979,-0.805,-1.28,0.596,-52.557,57.649,74.244,129,93
66030,0.146,-1.272,-0.092,55.053,-61.359,-21.128,131,92
66085,0.474,-0.868,-0.6,92.74,172.405,-75.557,149,159
66134,-0.39,-0.736,-0.149,-96.701,250.13,-38.992,97,74
66182,-1.334,-1.092,0.924,-59.733,-2.452,7.879,98,74
66236,-0.591,-1.264,-0.115,11.19,-250.137,12.051,98,178
66287,0.369,-0.798,-0.637,-12.77,-250.137,-2.789,72,97
66335,0.348,-0.891,-0.361,-21.206,-47.908,2.393,71,98
66382,-0.014,-1.114,-0.098,-7.609,47.718,9.863,71,99
66434,-0.394,-1.297,0.388,45.847,40.488,36.473,121,100
66485,-0.061,-1.063,-0.067,33.534,-69.626,34.809,116,102
66533,0.27,-0.91,-0.122,27.962,47.692,19.069,66,105
66580,-0.074,-1.144,-0.007,10.221,78.397,-24.977,68,105
66632,-0.352,-1.136,0.235,-3.276,37.237,-42.122,119,109
66680,-0.114,-0.931,0.24,0.811,-48.534,16.672,67,111
66734,0.503,-1.278,-0.258,46.282,70.101,-1.417,97,111
66787,0.308,-0.781,-0.289,65.702,231.45,-63.237,86,174
66841,-0.958,-0.718,0.426,-5.835,231.626,-12.258,98,183
66897,-1.029,-0.997,0.708,-45.618,-238.611,44.206,96,0
66958,0.312,-1.003,-0.418,18.389,-250.137,20.559,121,177
67014,0.417,-0.771,-0.127,19.388,-13.469,-29.962,129,0
67069,-0.21,-1.077,0.175,-11.289,78.962,-22.98,117,0
67124,-0.041,-0.867,0.459,38.686,-66.756,34.809,118,177
67178,0.524,-0.97,-0.335,36.824,136.611,-20.437,120,126
67234,-0.66,-1.008,0.787,-23.656,107.191,-17.726,125,0
67289,-0.189,-1.041,0.312,22.923,-193.733,41.397,124,176
67340,0.474,-1.111,-0.388,31.038,-139.569,1.265,125,121
67392,-0.028,-0.725,0.339,-30.84,34.748,24.901,124,120
67445,-0.138,-1.29,0.075,-14.683,-58.145,56.405,114,174
67496,0.382,-1.13,-0.218,47.267,119.191,-19.466,128,119
67554,-0.463,-0.733,0.512,-25.198,179.832,-18.115,132,0
67610,-0.717,-1.161,0.528,-30.293,-84.168,-7.761,133,0
67656,0.264,-1.003,-0.16,5.288,-93.878,-4.327,134,0
67712,0.137,-0.818,-0.125,5.011,85.954,-2.039,134,0
67769,-0.567,-1.019,0.468,-40.481,-3.325,11.583,136,0
67825,0.087,-0.798,0.225,16.803,-104.351,21.229,135,0
67881,0.305,-1.015,-0.125,12.23,13.84,-2.344,135,0
67937,-0.104,-0.797,0.293,10.478,157.198,10.473,138,176
67996,-0.73,-0.848,0.525,-24.29,33.069,33.687,0,176
68048,-0.328,-1.089,0.0,-7.937,-118.061,37.13,151,112
68152,-0.386,-0.846,0.291,6.149,125.168,-43.115,142,0
68195,-0.735,-0.805,0.446,3.121,-41.389,22.679,143,0
68252,-0.337,-0.997,0.23,-16.586,-140.191,19.0,143,0
68295,0.216,-1.093,-0.223,34.155,4.426,-37.191,142,0
68353,-0.099,-0.862,0.15,21.718,133.122,-56.366,143,0
68410,-0.725,-0.764,0.439,9.877,58.473,28.87,156,0
68467,-0.562,-0.936,0.292,-30.763,-125.031,74.443,144,0
68525,-0.055,-0.938,0.012,-22.985,-113.221,23.206,142,0
68578,0.122,-0.674,0.379,29.276,114.057,-31.573,141,126
68637,-0.133,-0.87,0.335,8.017,64.677,3.978,140,0
68694,-0.393,-0.789,0.368,-1.106,-28.359,23.336,127,0
68746,-0.331,-1.112,0.249,-19.687,-79.878,27.504,138,111
68797,-0.268,-1.327,-0.273,-13.345,-27.473,-29.42,124,111
68849,0.174,-0.8,0.285,14.164,85.244,-24.969,137,129
68902,-0.399,-0.86,0.34,-19.489,44.725,39.015,147,128
68956,-0.662,-1.225,0.302,-23.778,-43.153,32.267,44,33
69008,-0.327,-1.086,0.004,-12.146,-47.55,-40.629,147,113
69063,-0.065,-0.919,0.131,-1.749,-18.197,-12.645,145,112
69117,-0.186,-1.05,0.09,-7.244,-1.656,-7.96,144,150
69169,0.083,-1.152,-0.107,20.885,47.046,-15.382,128,98
69220,-0.236,-0.855,0.056,-6.89,126.718,-23.45,146,98
69272,-0.372,-1.204,-0.04,-34.581,85.214,-18.934,139,111
69323,-0.502,-0.928,0.295,-11.815,1.126,-1.884,147,90
69376,-0.329,-1.184,-0.085,-33.424,-66.817,-18.793,146,108
69427,-0.12,-0.996,0.02,-10.87,-35.542,17.252,146,90
69478,0.169,-0.841,0.291,13.605,37.573,42.87,145,97
69531,-0.317,-0.946,0.105,-14.193,65.802,47.45,146,85
69583,-0.05,-0.706,0.153,15.522,64.053,28.893,148,106
69636,-0.416,-0.768,0.107,-27.916,65.221,16.687,147,103
69688,-0.515,-0.914,0.107,-21.481,18.071,8.271,148,100
69743,-0.336,-0.831,0.064,-12.418,-8.422,4.844,0,101
69791,-0.411,-0.865,0.253,6.63,32.107,26.077,79,100
69846,-0.41,-0.838,0.202,12.738,42.328,2.993,0,100
69894,-0.461,-0.782,-0.187,-13.419,36.26,-17.908,75,97
69944,-0.452,-0.811,-0.211,-3.433,33.122,-25.885,73,96
69991,-0.571,-0.667,-0.331,-60.354,-113.114,-80.236,73,97
70038,-0.537,-0.68,0.379,-60.389,-87.985,21.427,69,95
70086,0.252,-0.87,0.348,49.633,-117.061,81.565,137,49
70136,0.396,-1.301,-0.087,82.26,-97.817,26.069,117,95
70182,0.426,-0.953,-0.292,87.42,175.405,-44.687,62,93
70228,-0.765,-1.319,-0.54,103.878,250.13,-85.183,59,90
70275,-1.558,-0.323,0.407,-41.702,136.965,40.995,59,92
70321,-0.825,-1.095,0.01,-151.847,-250.137,69.84,59,88
70376,0.013,-1.57,-0.137,-51.145,-250.137,81.206,155,82
70429,0.74,-1.414,-0.675,24.557,-97.947,-117.305,0,86
70479,0.317,-1.167,-1.145,33.466,250.13,-152.115,121,84
70525,-1.298,-0.475,-0.688,-34.771,250.13,-65.794,64,75
70572,-2.0,-1.3,0.736,-184.725,32.626,25.93,66,79
70617,-1.076,-1.582,-0.121,-51.481,-250.137,97.886,68,69
70669,0.199,-1.046,-0.391,-33.069,-250.137,59.053,167,78
70756,-0.434,-1.111,-0.776,59.267,250.13,-54.153,71,23
70805,-1.478,-0.404,0.441,70.258,187.046,20.466,70,75
70851,-0.998,-0.848,-0.076,-79.344,-123.084,62.748,70,66
70897,-0.416,-0.997,0.23,-71.969,-242.817,56.977,73,71
70946,0.276,-1.419,-0.525,23.366,-132.718,-45.191,170,23
70994,0.354,-0.839,-0.617,62.817,146.962,-95.954,169,20
71041,-0.937,-0.759,-0.123,25.26,219.519,-65.45,73,72
71084,-0.991,-0.789,0.361,-32.435,-27.603,79.198,73,20
71128,-0.737,-1.234,-0.309,-39.416,-174.092,55.351,75,19
71176,-0.205,-1.081,-0.07,5.295,-209.046,66.061,158,21
71227,0.559,-1.147,-0.545,59.847,80.137,-61.45,157,21
71273,-0.412,-1.056,-0.581,56.939,250.13,-98.496,75,73
71319,-1.475,-0.466,0.61,-26.802,125.771,-32.015,75,84
71365,-1.116,-1.294,0.496,-47.168,-231.977,22.664,75,82
71413,-0.244,-1.209,-0.428,0.914,-250.137,23.084,157,22
71460,0.455,-1.024,-0.456,-5.278,-147.624,-23.626,130,24
71508,-0.145,-1.11,-0.24,-17.178,164.595,-38.969,156,26
71553,-0.761,-0.96,0.336,-4.617,130.855,-33.153,76,28
71600,-0.732,-1.082,0.326,-23.786,-99.031,-5.769,77,30
71644,-0.305,-1.178,-0.093,-10.402,-157.099,-4.469,78,30
71691,0.357,-0.883,-0.425,43.168,125.56,-45.58,126,30
71738,-0.613,-0.842,-0.354,-46.194,119.137,-56.504,77,79
71785,-0.602,-1.302,0.295,-33.702,-180.727,-15.233,23,24
71830,-0.319,-1.046,0.238,-7.136,-126.893,6.31,78,57
71879,0.32,-1.089,-0.325,36.641,-57.031,-5.094,126,57
71929,-0.314,-0.837,-0.174,8.761,107.405,-39.527,127,85
71980,-0.717,-0.819,0.349,-41.328,-160.31,-20.594,126,84
72033,-0.619,-1.115,0.254,-40.84,-249.382,-11.001,125,84
72082,0.568,-1.118,-0.584,19.962,-173.573,3.181,124,60
72130,0.727,-0.741,-0.48,20.573,138.382,-44.252,124,61
72180,0.003,-0.786,-0.401,18.626,250.13,-32.405,125,80
72227,-0.979,-0.833,0.528,-21.952,237.718,9.515,76,89
72275,-0.927,-0.782,0.545,-27.168,-154.588,29.687,76,99
72326,0.15,-0.775,-0.164,-20.183,-250.137,32.58,126,82
72376,0.485,-1.154,-0.477,-17.02,-186.267,26.511,126,82
72428,0.505,-1.049,-0.423,3.416,95.863,-1.28,131,59
72478,-0.257,-0.938,-0.177,14.612,212.321,-1.465,127,81
72527,-1.047,-1.022,0.602,-28.321,-119.283,-3.856,129,76
72580,-0.498,-1.021,0.013,-20.229,-250.137,8.608,155,81
72630,0.519,-1.058,-0.632,6.024,-132.435,4.19,160,54
72681,-0.109,-1.022,-0.149,0.229,117.397,-8.775,163,54
72729,-0.556,-0.939,0.291,-11.727,38.435,2.549,129,55
72778,-0.137,-0.923,0.224,2.497,-75.992,0.385,130,53
72826,0.083,-1.094,-0.295,22.147,44.369,2.601,130,54
72877,0.089,-0.852,0.414,1.6,27.924,19.604,129,17
72923,-0.388,-1.121,-0.086,-9.039,-86.04,2.337,130,16
72971,0.358,-1.295,-0.56,47.519,48.908,-3.174,164,15
73022,0.378,-0.776,-0.536,47.137,250.13,-36.443,132,93
73070,-0.955,-0.691,0.451,-40.153,163.725,8.272,76,92
73118,-0.633,-1.235,0.256,-12.811,-136.886,-3.956,76,92
73214,-0.186,-0.768,-0.115,0.144,-47.41,2.357,141,116
73267,-0.623,-1.04,0.321,-22.84,-122.878,15.221,162,94
73321,0.275,-1.3,-0.463,19.344,-201.084,8.3,0,15
73370,0.506,-0.901,-0.659,32.748,142.244,-36.321,162,17
73423,-0.675,-0.754,0.5,-32.13,143.87,6.283,166,98
73477,-0.591,-1.151,0.359,-50.828,-136.183,17.191,166,98
73532,0.18,-0.661,-0.332,23.389,-56.13,53.368,164,40
73580,-0.802,-0.979,0.677,-23.557,-131.718,25.198,163,18
73620,-0.458,-1.234,-0.127,-4.737,-250.137,33.908,38,18
73660,0.438,-1.143,-0.531,2.238,-244.031,-11.298,33,20
73711,0.916,-1.174,-0.667,24.618,42.863,-33.011,0,33
73764,-0.301,-0.674,0.049,1.73,250.13,-19.366,0,33
73812,-0.901,-1.145,0.73,1.775,67.305,15.053,161,36
73862,0.053,-1.178,0.343,47.176,-57.168,28.71,162,41
73910,-0.135,-0.68,0.045,-3.826,77.702,-30.435,162,38
73961,-0.364,-1.124,0.248,-38.689,-34.435,-10.515,0,38
74012,0.152,-1.034,-0.368,25.244,53.679,-26.802,0,38
74061,-0.573,-0.708,0.487,-33.0,33.053,16.452,166,37
74112,-0.245,-1.132,0.085,-21.738,-124.183,17.16,0,37
74166,0.422,-1.051,-0.095,22.382,68.649,-33.252,0,39
74217,-0.504,-0.998,0.376,20.104,114.115,14.75,0,41
74268,-1.119,-0.938,0.872,0.016,-250.137,25.023,0,40
74318,1.173,-1.338,-1.154,28.389,-202.977,-28.336,0,34
74370,0.154,-0.535,-0.103,23.641,250.13,-30.359,0,37
74419,-0.791,-1.116,0.648,-11.396,145.916,39.389,162,38
74468,-0.77,-1.168,0.453,39.435,-28.176,-21.786,161,43
74517,-0.664,-0.849,0.321,-12.97,-250.137,45.176,163,41
74568,0.8,-1.307,-0.565,-5.1,-192.702,11.444,0,42
74622,0.58,-0.91,-0.661,31.573,250.13,-52.397,0,41
74672,-1.135,-0.768,0.918,-46.153,196.336,13.987,161,41
74721,-0.863,-1.2,0.538,-10.34,-207.443,-14.842,163,41
74772,0.479,-0.902,-0.214,8.999,-179.817,-11.138,0,44
74823,0.102,-0.646,0.121,-15.701,103.679,-17.725,0,45
74875,-0.687,-1.221,0.74,-31.679,-70.466,18.34,0,46
74927,0.302,-1.154,0.25,19.855,-138.489,-20.092,0,39
74978,0.35,-0.831,0.114,23.664,72.748,-33.053,0,48
75029,-0.337,-1.092,0.431,-16.208,3.098,47.672,0,48
75084,0.184,-1.194,0.172,23.534,-35.679,-1.198,0,47
75136,0.375,-0.798,-0.443,42.359,194.687,-24.489,0,47
75184,-0.622,-0.823,0.55,-27.595,135.908,20.244,143,42
75236,-0.384,-1.125,0.619,13.259,-63.687,10.279,0,46
75284,0.419,-0.97,0.018,64.55,-2.314,-61.924,149,47
75333,-0.479,-0.702,0.504,13.91,112.435,-88.405,143,58
75382,-1.216,-1.147,0.796,-28.568,-243.725,-49.885,147,51
75425,-0.017,-0.453,0.456,7.392,-250.137,-46.099,36,60
75482,0.709,-1.82,-0.137,13.768,-66.649,-28.873,66,60
75536,0.468,-1.335,0.573,80.824,-25.863,57.328,0,63
75590,0.913,-0.82,0.352,68.298,-96.626,5.13,50,0
75637,0.472,-0.518,-0.171,59.565,76.557,-88.84,50,67
75691,-0.514,-0.094,0.373,45.031,62.885,-52.611,36,0
75787,0.837,-1.089,-0.524,38.241,-241.458,-58.389,30,0
75840,1.686,-0.614,-0.097,-14.265,68.443,42.374,27,0
75893,0.804,-1.025,0.307,-12.776,227.603,32.313,29,0
75954,-0.243,-1.197,0.445,-13.954,216.74,-24.275,159,195
76017,-1.064,-0.786,1.0,12.114,-118.145,33.321,160,196
76070,-0.492,-1.219,-0.17,-34.757,-250.137,85.382,32,0
76124,1.559,-0.849,-0.721,52.55,-108.107,38.137,38,0
76181,0.958,-0.522,-0.136,44.107,233.466,16.397,100,0
76238,0.076,-1.058,-0.025,-13.825,250.13,-19.339,101,0
76294,-0.588,-0.668,0.94,-15.149,175.198,-8.949,0,66
76350,-0.421,-1.094,0.846,-72.58,-117.298,-44.145,0,75
76400,0.18,-0.837,0.522,-72.527,-178.061,-54.305,97,80
76448,0.514,-0.77,0.376,-49.824,-78.046,-50.115,39,100
76497,0.601,-1.003,0.223,-19.573,49.802,4.593,38,69
76545,0.225,-0.548,0.376,-19.953,146.053,-3.266,39,81
76591,0.074,-0.128,0.553,1.133,116.458,32.038,39,82
76638,-0.085,-0.079,0.393,2.341,71.435,30.458,41,73
76692,-0.309,-0.122,-0.014,20.382,-176.89,-36.71,0,51
76742,-0.862,-1.097,0.354,-57.962,-206.359,-17.504,128,53
76793,0.013,-1.317,-0.418,-75.466,-250.137,45.634,100,94
76843,1.293,-1.163,-0.926,36.634,-159.832,81.351,37,112
76892,0.988,-1.166,-0.488,4.164,145.748,39.069,38,71
76938,0.136,-1.362,-0.445,-30.794,250.13,20.401,38,71
76988,-0.646,-1.812,0.602,-104.855,189.901,20.679,65,105
77036,-0.826,-1.718,0.532,-54.962,-211.412,44.29,61,75
77082,0.044,-1.359,-0.071,-53.282,-250.137,67.435,35,77
77128,0.836,-1.576,-0.634,2.645,-250.137,84.405,25,82
77174,1.207,-0.87,-0.566,19.534,35.268,26.763,19,87
77220,0.573,-0.76,-0.43,13.326,250.13,20.466,23,81
77268,-0.106,-1.122,-0.202,-17.305,250.13,18.282,55,78
77320,-1.023,-1.093,0.765,1.363,68.985,27.031,57,80
77368,-0.437,-1.286,0.109,-20.786,-213.229,27.023,58,72
77416,0.277,-1.147,-0.202,-16.089,-206.603,26.565,58,77
77463,0.696,-1.346,-0.25,23.924,246.351,38.459,58,83
77511,0.452,-1.225,-0.117,28.42,187.695,-25.893,59,72
77559,0.116,-0.844,0.239,25.191,250.13,-2.244,65,70
77607,-0.456,-0.986,0.312,41.45,202.168,16.497,71,67
77656,-0.663,-1.14,0.399,72.557,-196.949,-22.667,74,64
77714,-0.455,-0.722,-0.098,37.374,-99.679,16.718,200,60
77763,0.144,-0.729,0.001,-2.003,-93.824,44.115,100,59
77813,-0.146,-0.715,0.026,5.239,-67.29,33.817,100,68
77862,-0.348,-0.7,-0.047,50.924,-85.802,32.427,87,69
77911,-0.405,-1.1,-0.163,58.893,-90.092,31.771,65,73
77959,-0.394,-0.999,-0.26,73.954,-44.466,74.099,64,69
78008,-0.373,-1.309,-0.148,23.359,-28.718,76.779,20,25
78055,-0.623,-1.902,-0.182,14.364,-29.885,32.873,58,72
78106,-0.283,-1.045,-0.15,-17.071,-88.45,22.847,111,68
78155,0.08,-1.299,-0.153,-70.344,38.45,59.511,41,67
78202,0.312,-1.451,0.257,4.167,169.908,-12.507,50,63
78251,-0.224,-0.856,0.089,50.916,250.13,-97.702,79,55
