Timestamp(ms),AccelX(g),AccelY(g),AccelZ(g),GyroX(deg/s),GyroY(deg/s),GyroZ(deg/s),DistanceLeft(cm),DistanceRight(cm)
40441,-0.109,-0.98,0.315,0.686,1.977,2.788,0,73
40488,-0.115,-0.979,0.336,1.301,4.105,2.201,108,72
40537,-0.113,-0.979,0.245,0.475,3.675,-3.231,108,78
40589,-0.122,-0.98,0.026,-0.903,-1.561,-12.384,0,78
40642,-0.122,-0.976,0.012,-1.063,-2.084,-12.534,0,80
40695,-0.126,-0.975,0.104,-0.434,0.097,-7.371,0,81
40749,-0.12,-0.972,0.147,-0.404,1.029,-4.602,0,79
40802,-0.121,-0.969,0.393,2.348,8.151,3.191,0,77
40858,-0.14,-0.969,0.495,3.92,10.506,5.478,0,77
40911,-0.142,-0.969,-0.035,-6.44,-15.051,-5.092,0,77
40965,-0.13,-0.979,0.38,1.63,3.51,7.74,0,77
41018,-0.113,-0.983,0.101,-3.032,-13.557,0.618,0,77
41071,-0.129,-0.978,0.328,0.542,2.061,15.795,0,80
41124,-0.119,-0.982,0.546,4.284,18.545,38.731,0,81
41178,-0.11,-0.978,-0.098,-3.709,-32.088,-16.882,0,78
41231,-0.109,-0.981,-0.005,-1.439,-21.967,-7.984,0,77
41284,-0.111,-0.978,0.21,1.144,-5.303,12.582,0,78
41339,-0.106,-0.982,0.5,3.879,10.253,35.545,0,71
41393,-0.099,-0.985,0.312,1.511,0.73,17.361,0,72
41446,-0.095,-0.982,0.329,1.64,2.47,13.444,0,73
41498,-0.098,-0.978,0.141,-0.549,-1.097,1.81,0,73
41551,-0.108,-0.987,0.4,1.792,3.797,8.625,0,73
41605,-0.112,-0.981,0.152,-1.422,0.847,-2.99,0,78
41658,-0.12,-0.981,0.369,1.953,3.884,2.186,0,80
41711,-0.119,-0.987,0.23,-1.183,0.089,-3.598,0,79
41764,-0.113,-0.988,0.205,-1.453,-0.863,-3.383,0,81
41822,-0.131,-0.981,0.102,-2.68,-2.505,-5.397,0,81
41875,-0.125,-0.985,0.181,-0.599,-2.075,-1.814,0,79
41928,-0.125,-0.972,0.375,2.094,3.317,5.454,0,78
41981,-0.132,-0.979,0.263,1.037,-0.878,4.563,0,78
42035,-0.132,-0.976,0.099,-0.605,-10.795,-0.454,0,80
42088,-0.126,-0.982,0.147,-0.069,-9.313,3.105,0,81
42141,-0.117,-0.979,0.257,2.604,-2.557,12.628,0,77
42194,-0.117,-0.978,0.077,-0.492,-13.775,-0.976,0,75
42248,-0.109,-0.984,0.261,3.052,-2.457,15.312,0,74
42304,-0.099,-0.985,0.529,7.772,13.861,34.633,0,72
42357,-0.097,-0.976,0.167,0.577,-6.037,4.423,0,70
42409,-0.106,-0.979,0.124,-0.473,-8.653,0.804,0,69
42463,-0.104,-0.982,0.125,0.225,-7.322,0.744,0,70
42516,-0.108,-0.977,0.159,0.248,-3.993,0.488,0,70
42568,-0.121,-0.981,0.147,0.169,-3.793,-0.409,0,69
42621,-0.119,-0.98,0.231,0.821,-1.538,0.885,0,70
42675,-0.121,-0.975,0.362,2.177,2.753,3.737,0,69
42727,-0.123,-0.975,0.2,-0.181,-2.467,1.088,0,69
42783,-0.121,-0.973,0.52,2.647,6.132,9.592,0,71
42836,-0.131,-0.975,0.265,0.301,-0.564,4.458,0,70
42890,-0.129,-0.97,0.085,-1.684,-6.81,-1.443,0,70
42942,-0.12,-0.98,0.294,0.588,-0.375,8.408,0,71
42995,-0.117,-0.982,0.237,-0.501,-1.601,6.506,0,72
43048,-0.113,-0.975,0.167,-2.017,-3.784,2.429,0,71
43145,-0.113,-0.988,-0.034,-5.336,-13.185,-7.225,0,72
43198,-0.104,-0.975,0.236,-0.252,-1.288,4.926,0,73
43251,-0.119,-0.979,0.129,-1.922,-4.668,0.14,0,71
43304,-0.116,-0.97,0.192,-1.374,-3.963,1.912,0,71
43355,-0.111,-0.98,0.307,0.797,0.471,6.046,0,71
43408,-0.125,-0.976,0.178,-1.754,-3.729,1.711,0,70
43462,-0.126,-0.978,0.223,-1.167,-2.805,3.319,0,79
43515,-0.115,-0.974,0.209,-0.868,-3.218,3.898,0,79
43569,-0.123,-0.977,0.097,-1.976,-7.707,-0.404,0,79
43623,-0.12,-0.977,0.087,-1.167,-8.464,-0.994,0,77
43676,-0.121,-0.975,0.14,-0.602,-6.408,1.717,0,77
43729,-0.124,-0.978,0.144,-0.105,-5.205,2.338,0,76
43783,-0.123,-0.977,0.361,1.903,2.128,14.777,0,76
43840,-0.123,-0.981,0.075,-1.066,-9.048,-1.966,0,77
43893,-0.126,-0.984,0.222,1.957,-1.884,8.04,0,77
43947,-0.126,-0.979,0.203,1.516,-3.386,7.016,0,76
44000,-0.122,-0.976,0.228,2.25,-3.654,8.242,0,77
44054,-0.112,-0.988,0.153,0.639,-6.724,2.092,0,77
44107,-0.12,-0.983,0.108,-0.286,-8.133,-0.274,0,75
44161,-0.126,-0.98,0.239,3.771,-1.89,8.78,0,77
44215,-0.131,-0.974,0.372,7.17,5.764,15.933,0,75
44268,-0.135,-0.973,0.178,1.472,-11.585,3.215,0,76
44324,-0.141,-0.962,0.297,5.719,-3.345,11.776,0,75
44378,-0.135,-0.975,0.208,4.163,-11.264,5.724,0,69
44431,-0.157,-0.945,0.176,1.346,-17.215,3.408,0,68
44484,-0.166,-0.965,0.037,-5.882,-42.137,-9.625,0,70
44537,-0.147,-0.964,0.151,-0.188,-29.208,-1.478,0,72
44591,-0.198,-0.92,0.472,12.058,19.92,31.481,0,66
44644,-0.221,-0.913,-0.028,-5.627,-27.977,-27.984,0,66
44697,-0.141,-0.909,0.24,2.551,-30.672,14.618,0,66
44750,-0.187,-1.033,0.465,7.209,15.168,29.305,0,66
44807,-0.339,-1.374,0.5,22.427,-38.076,16.759,0,67
44860,-0.444,-1.532,0.466,29.45,-80.267,-14.568,0,63
44912,-0.206,-1.278,0.219,72.069,-111.397,31.489,0,64
44965,0.061,-0.965,0.058,111.565,-103.183,91.748,0,67
45020,0.135,-0.643,-0.007,122.679,-39.542,123.107,0,68
45073,0.123,-0.798,-0.083,104.092,31.046,108.817,0,65
45126,-0.019,-0.549,0.057,46.069,88.824,22.29,0,66
45179,-0.262,-0.177,0.523,-64.023,65.198,-71.878,0,73
45233,-0.378,-0.466,0.803,-153.855,-53.885,-78.626,0,66
45289,0.057,-0.826,0.235,-91.267,-97.603,-75.305,0,65
45342,0.155,-0.461,0.263,-42.298,-5.684,-41.603,0,66
45396,-0.115,-0.597,0.335,-67.504,53.443,-69.277,0,80
45451,-0.351,-1.589,0.323,-64.679,84.214,-52.336,0,84
45506,-0.158,-1.784,0.642,149.957,84.71,-94.748,0,95
45566,-0.482,-1.011,0.573,-37.656,78.473,-53.687,0,198
45625,-0.62,-1.261,0.425,-61.779,-113.816,-19.97,0,150
45685,-0.693,-0.903,0.406,-84.467,-52.366,-61.489,0,187
45746,-0.576,-0.889,-0.014,-26.29,-86.244,-46.977,0,189
45803,-0.077,-1.011,0.066,20.611,-64.992,-37.771,87,190
45900,0.081,-1.177,-0.029,27.351,93.588,42.595,85,196
45955,-0.103,-1.266,0.066,21.756,132.473,56.084,83,0
46007,-0.065,-0.554,0.228,32.504,145.313,80.832,0,54
46060,-0.091,-0.799,0.615,28.337,70.939,65.489,0,62
46112,-0.336,-0.936,0.539,0.279,-55.412,25.503,0,59
46166,-0.097,-1.046,0.184,-13.198,-119.427,-11.562,0,56
46212,0.107,-0.895,0.085,-12.818,-81.664,-3.938,77,58
46261,0.11,-0.849,0.199,-4.687,-16.954,6.55,76,59
46306,-0.035,-0.869,0.385,-25.107,13.221,-20.558,76,59
46352,-0.087,-1.18,0.056,-13.916,14.16,-41.522,76,58
46398,-0.129,-1.033,0.631,-12.489,10.435,-34.84,77,70
46444,0.019,-0.877,0.072,36.906,22.359,37.293,77,73
46489,-0.048,-0.862,0.418,15.236,54.336,37.261,79,68
46535,-0.146,-1.064,0.178,-6.263,50.595,6.653,81,55
46588,-0.164,-1.014,0.321,7.365,37.275,7.369,0,59
46635,-0.193,-0.967,0.388,-11.939,30.27,7.82,84,59
46693,-0.122,-0.995,-0.018,-22.851,-28.681,-30.252,0,106
46748,-0.171,-0.978,0.101,-14.611,-14.368,-35.351,0,90
46800,-0.167,-0.981,0.184,-10.976,-20.884,-30.908,0,51
46848,-0.071,-1.0,0.106,-8.004,-22.301,-16.663,86,48
46893,-0.048,-0.968,-0.118,-10.735,-30.792,-31.433,86,37
46939,-0.117,-0.983,0.371,7.259,23.748,48.496,87,61
46992,-0.143,-0.977,0.308,6.104,20.45,40.319,0,55
47047,-0.156,-0.986,-0.147,-5.916,-26.862,-38.561,0,102
47102,-0.114,-0.983,-0.114,-5.473,-16.7,-27.019,0,103
47167,-0.129,-0.99,0.199,-1.11,-1.267,28.235,0,119
47219,-0.111,-0.986,0.426,5.322,8.033,60.384,0,56
47270,-0.119,-0.986,0.191,-3.9,-8.551,18.582,0,52
47315,-0.104,-0.98,0.292,1.884,4.19,23.863,86,57
47361,-0.137,-0.987,0.173,-6.717,-11.925,6.055,85,53
47410,-0.104,-1.004,-0.074,-16.001,-35.277,-8.699,85,119
47458,-0.123,-0.98,0.153,-6.109,-9.086,-1.805,84,120
47507,-0.134,-1.004,-0.116,-20.382,-42.455,-13.115,85,118
47552,-0.125,-0.986,-0.15,-21.48,-41.366,-13.76,85,47
47600,-0.117,-0.986,0.4,8.047,12.805,4.455,85,66
47645,-0.109,-0.981,-0.239,-23.047,-42.039,-9.516,85,31
47690,-0.146,-0.988,-0.228,-24.539,-41.924,-6.883,85,30
47734,-0.12,-0.987,0.017,-9.899,-20.108,-0.198,85,46
47779,-0.112,-0.992,0.097,-7.116,-9.957,1.972,84,52
47828,-0.13,-0.994,-0.212,-19.773,-31.021,-9.575,84,125
47883,-0.117,-0.979,-0.044,-13.139,-18.471,-1.581,84,198
47932,-0.107,-0.972,0.436,10.547,7.531,23.299,84,120
47980,-0.113,-0.977,0.281,3.852,3.853,14.446,84,117
48032,-0.113,-0.966,-0.02,-15.668,-2.978,-0.711,84,132
48078,-0.115,-0.965,-0.261,-11.969,-10.362,-11.03,85,48
48128,-0.113,-0.971,0.08,-13.954,-7.006,-6.525,86,118
48176,-0.119,-0.968,0.554,-16.695,5.982,11.897,86,119
48226,-0.106,-0.969,0.073,-17.74,2.0,1.409,86,135
48274,-0.124,-1.001,0.331,-18.718,6.92,4.913,88,101
48331,-0.127,-1.026,0.228,-17.0,8.061,-4.59,0,137
48431,-0.103,-1.091,0.05,5.922,25.344,3.583,0,138
48493,-0.073,-1.088,-0.016,12.755,22.595,7.697,0,185
48548,-0.077,-0.985,0.022,-27.834,34.626,-29.254,0,101
48603,-0.059,-0.798,0.049,22.115,42.191,3.757,0,105
48654,-0.068,-0.608,0.674,51.959,34.16,17.124,129,103
48704,0.03,-0.661,0.487,60.771,28.29,14.832,127,99
48756,0.087,-1.165,0.14,62.802,57.908,-1.18,170,88
48805,-0.042,-1.85,0.728,11.439,14.405,32.84,123,70
48851,0.159,-1.207,0.245,39.824,11.74,57.748,79,88
48901,-0.004,-0.633,0.117,26.863,-0.876,82.893,119,70
48953,-0.063,-0.591,0.067,20.378,-1.09,31.305,119,89
49001,0.003,-0.528,0.001,19.027,45.778,44.418,119,68
49050,0.001,-0.633,-0.043,-13.453,30.809,-64.472,143,66
49094,-0.157,-1.293,-0.021,1.696,41.916,13.936,61,64
49139,-0.226,-1.676,-0.081,-2.394,49.733,-37.046,56,63
49183,-0.211,-1.343,-0.062,-11.04,33.344,-32.74,48,69
49228,-0.213,-1.304,0.071,-16.588,1.504,37.611,54,75
49272,-0.126,-1.226,-0.121,21.023,-39.145,62.802,66,69
49320,-0.067,-0.971,0.01,12.729,-34.084,91.191,109,71
49372,-0.13,-1.096,0.014,-15.115,-49.221,91.031,107,73
49419,-0.097,-1.053,0.031,12.9,-50.756,52.885,106,74
49467,-0.145,-1.136,0.044,-14.893,-50.611,-44.336,105,81
49516,-0.178,-1.154,-0.021,-8.41,-47.298,-39.901,106,80
49564,-0.208,-1.257,0.247,-1.22,-52.389,-62.771,106,79
49611,-0.204,-1.307,0.274,10.292,-60.489,-78.588,106,75
49660,-0.01,-1.006,0.556,31.672,-34.069,-56.74,106,79
49705,-0.073,-0.886,0.436,24.13,27.481,1.028,63,79
49758,-0.167,-0.92,0.373,25.931,3.843,-2.172,132,66
49805,-0.139,-0.961,0.346,20.656,-26.305,-13.34,107,65
49853,-0.095,-1.023,0.404,26.351,-27.718,3.907,107,66
49898,-0.105,-1.102,0.478,20.626,-38.855,4.032,106,33
49944,-0.14,-1.045,0.672,22.641,-78.908,4.013,106,45
49990,-0.052,-0.967,0.566,47.786,-124.183,9.064,106,42
50042,0.101,-0.775,0.433,63.954,-128.626,24.168,0,46
50096,0.169,-0.677,0.133,63.137,-86.824,-9.67,0,63
50152,0.16,-0.287,0.236,46.947,-2.347,-11.791,0,61
50204,-0.019,-0.545,0.234,-3.452,31.412,-13.145,142,60
50254,-0.114,-0.684,0.124,-32.055,11.183,-15.828,171,50
50307,-0.041,-0.942,0.182,-5.62,-22.595,45.603,0,47
50362,0.05,-0.761,0.315,-15.015,-12.704,83.74,0,58
50414,0.173,-0.923,0.021,-33.046,11.282,119.45,0,38
50465,0.164,-1.177,0.052,-60.794,41.137,104.779,0,25
50516,0.055,-1.117,0.485,-67.107,33.183,80.725,0,45
50571,0.01,-1.153,0.356,-50.313,14.939,63.527,0,40
50623,0.036,-1.097,0.255,-54.649,18.618,35.885,0,39
50679,-0.104,-0.951,0.375,-51.321,55.748,-8.378,0,71
50733,-0.04,-0.927,0.499,-40.45,32.473,1.972,0,71
50785,-0.405,-0.82,0.432,-17.33,-24.171,-26.807,0,62
50838,-0.286,-0.903,0.416,49.824,14.634,-45.252,0,58
50890,-0.61,-0.809,-0.089,38.382,40.336,-25.735,0,42
50975,-0.725,-0.772,0.137,54.275,11.099,-5.768,31,26
51016,-0.569,-0.677,0.366,68.115,19.847,3.171,33,21
51057,-0.421,-0.576,0.46,72.366,36.87,8.43,32,21
51098,-0.341,-0.472,0.417,73.511,49.244,37.214,32,21
51143,-0.482,-0.176,0.65,40.0,25.275,52.763,33,54
51193,-0.589,-0.519,0.686,-1.199,-8.416,45.176,0,15
51248,-0.569,-0.799,0.47,90.517,-27.817,50.992,0,73
51291,-0.656,-0.775,0.467,55.237,-61.771,54.817,29,70
51344,-0.851,-0.689,0.522,63.336,-99.137,56.779,0,68
51388,-0.559,-0.597,0.385,93.588,-92.305,90.969,29,71
51432,-1.208,-0.899,0.673,96.954,-76.977,31.954,33,73
51476,-1.139,-1.156,0.62,156.244,-118.939,1.932,37,68
51523,-0.228,-1.267,0.307,161.275,-53.092,-77.122,39,75
51568,-0.3,-1.182,0.588,56.221,126.832,-172.214,37,79
51620,-0.049,-0.427,0.924,73.484,151.115,-93.267,156,94
51670,-0.555,-0.654,1.436,-23.931,41.664,-40.29,151,39
51722,-0.096,-1.114,1.187,-37.427,-126.504,-97.794,0,57
51765,0.047,-0.438,-0.155,98.099,-39.023,-131.802,11,14
51811,-0.309,0.05,1.038,-59.298,35.527,-162.0,114,39
51853,-0.364,-0.822,0.622,-44.542,25.875,-145.542,32,44
51895,-0.693,-0.498,1.248,30.206,-70.916,-111.389,32,33
51941,-0.06,-0.961,0.863,22.916,-97.634,-136.168,31,46
51984,0.103,-0.855,1.101,32.565,-79.763,-166.26,32,48
52030,0.113,-0.749,0.872,42.763,-63.527,-200.321,34,116
52081,0.027,-0.689,0.888,-25.604,-64.427,-194.359,37,185
52131,0.34,-0.525,0.75,-16.542,-110.794,-179.626,40,177
52184,0.594,-1.508,-0.655,-62.412,-43.931,-250.137,13,5
52236,0.333,0.168,0.874,-137.969,2.596,-191.573,45,0
52289,0.273,-1.014,0.335,-30.611,-154.351,-62.008,60,0
52349,0.646,0.204,0.381,69.908,-117.489,-71.939,130,0
52401,0.846,0.395,0.521,-35.771,-49.756,46.458,29,0
52452,0.834,-0.615,0.361,31.412,-54.908,92.679,27,0
52501,0.77,0.202,0.344,83.275,-53.565,106.565,24,178
52551,1.078,-0.522,-0.4,83.038,-123.82,100.031,23,179
52600,0.811,0.43,0.53,57.947,60.282,69.588,23,183
52652,0.903,-0.259,0.919,64.397,-27.267,122.977,22,0
52703,1.0,-0.592,0.674,92.061,-95.817,44.695,19,0
52763,1.253,-0.352,0.136,100.565,-59.542,-26.939,0,0
52828,0.823,-0.263,0.047,71.618,20.092,-44.634,0,0
52889,0.78,0.036,0.336,47.916,27.595,-1.08,0,0
52951,0.708,-0.074,0.556,27.221,-34.046,12.029,0,0
53008,1.109,0.188,0.55,27.893,-46.099,-29.115,150,0
53069,1.117,-0.149,0.208,36.168,39.519,-30.237,0,0
53131,0.819,0.057,0.405,33.87,71.687,-7.859,0,0
53191,0.695,-0.007,0.756,27.534,14.229,-6.968,0,0
53253,0.9,0.073,0.584,40.466,-33.076,-47.489,0,0
53314,0.862,0.035,0.403,50.344,25.824,-42.183,0,0
53367,0.714,0.191,0.477,50.176,28.656,-42.305,3,0
53425,0.871,0.166,0.564,51.168,30.023,-49.137,156,0
53486,0.813,0.161,0.469,64.305,26.527,-73.939,0,0
53587,0.61,0.451,0.369,77.916,15.809,-100.924,152,0
53646,0.471,0.63,0.374,67.366,-17.871,-102.13,153,0
53703,0.482,0.772,0.386,24.42,-3.616,-100.053,155,93
53755,0.503,0.595,0.335,-12.069,13.534,-96.817,171,82
53807,0.311,2.0,0.593,-18.885,-23.029,-70.107,173,72
53858,0.346,0.316,0.195,-40.863,-43.13,-59.58,150,85
53910,0.221,0.844,0.519,37.351,-57.823,-99.382,151,65
53959,0.151,0.917,0.539,22.771,-28.855,-77.832,152,64
54009,0.156,0.772,0.413,22.015,-16.966,-69.519,153,62
54059,0.102,0.929,0.483,23.74,-6.672,-63.145,155,60
54109,0.101,0.847,0.434,28.145,-4.956,-57.153,157,59
54155,0.033,0.815,0.399,41.328,14.615,-70.504,98,60
54202,0.033,0.903,0.57,48.015,14.786,-69.153,127,57
54252,-0.074,0.873,0.369,50.069,34.145,-69.748,165,55
54302,-0.213,0.92,0.286,54.779,41.748,-66.298,172,57
54354,-0.146,0.892,0.165,58.122,49.855,-57.412,169,54
54405,-0.282,0.795,0.078,67.817,61.786,-68.817,171,48
54455,-0.309,0.826,0.059,79.084,25.237,-81.053,174,52
54508,-0.654,0.835,-0.038,82.695,-7.876,-80.046,190,86
54562,-0.625,0.876,-0.151,74.466,-56.763,-66.634,0,87
54620,-0.559,0.775,-0.277,70.947,-39.687,-52.824,0,155
54675,-0.604,0.787,-0.246,48.809,-35.534,-53.397,0,112
54731,-0.627,0.67,-0.327,44.252,-67.551,-52.115,0,137
54791,-0.706,0.706,-0.311,36.214,33.664,-41.168,5,40
54851,-0.72,0.625,-0.346,35.771,40.809,-33.344,0,0
54902,-0.867,0.647,-0.285,28.725,-13.34,-29.397,0,38
54958,-0.667,0.55,-0.398,24.863,-36.693,-61.583,0,36
55000,-0.695,0.59,-0.431,24.481,21.382,-5.032,55,39
55041,-0.743,0.506,-0.422,10.882,34.496,-30.933,51,11
55083,-0.783,0.455,-0.398,26.656,69.659,80.075,68,10
55124,-0.729,0.495,-0.472,20.74,49.247,-33.756,65,37
55165,-0.722,0.469,-0.53,-40.245,-77.316,-45.557,44,7
55209,-0.846,0.428,-0.526,-12.351,-27.45,83.421,68,8
55250,-0.81,0.412,-0.407,-18.71,-35.466,-15.907,53,6
55291,-0.796,0.405,-0.346,-15.527,-28.282,-28.848,52,5
55332,-0.805,0.43,-0.325,2.958,-24.366,0.519,59,6
55373,-0.829,0.397,-0.325,-9.547,-26.542,-29.382,55,5
55414,-0.876,0.37,-0.32,-19.186,-27.756,-29.962,50,4
55455,-0.891,0.352,-0.316,0.679,-28.763,-1.264,61,5
55496,-0.897,0.341,-0.289,-2.042,-26.641,3.154,61,4
55537,-0.905,0.338,-0.249,-18.667,-61.985,-39.036,51,4
55581,-0.895,0.327,-0.249,-10.01,-40.88,-27.047,54,4
55622,-0.884,0.323,-0.245,1.874,-5.241,-2.221,61,3
55663,-0.869,0.293,-0.243,-1.856,-22.252,-11.355,60,3
55704,-0.892,0.282,-0.227,18.227,-26.458,58.888,72,3
55745,-0.899,0.265,-0.215,-18.201,-31.153,-27.229,54,3
55786,-0.926,0.269,-0.169,-24.812,-31.588,-32.237,52,2
55827,-0.929,0.232,-0.146,6.431,-30.969,-34.405,62,2
55868,-1.116,0.208,-0.192,1.267,3.963,-38.153,61,2
55912,-0.993,0.152,-0.067,1.33,-21.056,-26.992,54,2
55995,-0.984,0.142,-0.158,18.709,19.665,23.609,52,2
56036,-0.969,0.136,-0.149,8.477,14.68,19.222,58,2
56077,-0.956,0.141,-0.121,-6.306,-22.67,-4.703,55,2
56117,-0.947,0.134,-0.109,1.331,1.316,0.351,52,2
56158,-0.953,0.133,-0.122,-7.288,-46.795,-25.15,42,2
56199,-0.967,0.14,-0.126,-13.349,-48.237,-31.69,43,3
56239,-0.957,0.108,-0.107,-17.383,-46.213,-30.941,47,4
56280,-0.979,0.093,-0.097,-21.176,-26.931,-31.097,45,2
56324,-0.955,0.07,-0.056,-16.87,-33.16,-27.563,47,2
56364,-0.965,0.02,0.03,-11.702,-30.176,-23.054,47,3
56404,-0.98,0.1,-0.038,-18.173,-39.32,-27.656,42,5
56445,-0.966,0.054,-0.015,-2.245,-12.404,-1.708,45,5
56485,-0.97,0.053,-0.035,9.89,16.344,18.103,60,4
56526,-0.973,0.06,-0.036,2.128,1.161,5.279,52,4
56566,-0.978,0.057,-0.026,0.797,-1.747,4.77,52,4
56607,-0.969,0.051,-0.025,-4.894,-16.893,-5.091,41,4
56648,-0.971,0.051,-0.023,-2.564,-8.405,-0.906,46,4
56691,-0.974,0.053,-0.023,-8.115,-21.385,-5.685,15,5
56732,-0.966,0.058,-0.016,-0.146,-3.084,2.672,49,3
56773,-0.967,0.055,-0.03,1.265,4.757,1.965,53,3
56813,-0.986,0.045,-0.021,-12.141,-30.493,-4.047,40,3
56854,-0.965,0.04,0.004,-2.092,-6.89,0.222,50,3
56895,-0.974,0.041,0.001,0.946,1.414,2.872,53,2
56935,-0.967,0.04,0.005,-3.818,-11.315,-1.435,44,2
56976,-0.973,0.041,0.001,1.347,1.326,5.11,51,2
57016,-0.971,0.038,-0.01,-4.662,-11.667,-3.679,42,2
57057,-0.969,0.044,-0.007,-2.588,-5.543,0.533,48,2
57100,-0.978,0.039,-0.009,-8.136,-18.934,-2.935,42,3
57141,-0.971,0.033,0.003,-5.024,-15.377,-1.892,46,3
57182,-0.985,0.027,-0.004,-5.645,-14.943,-0.371,46,3
57223,-0.961,0.035,0.008,2.221,3.926,2.668,53,4
57263,-0.975,0.032,0.009,3.179,5.408,1.937,53,2
57304,-0.972,0.026,0.023,-1.326,-8.058,-0.102,50,2
57345,-0.984,0.038,0.014,-13.696,-41.079,-9.333,47,2
57384,-1.007,0.239,0.047,7.042,-33.061,3.986,55,2
57425,-0.967,0.008,0.069,0.722,-31.542,4.231,52,2
57469,-0.963,0.246,0.412,5.834,-24.656,5.561,54,3
57510,-0.959,0.139,0.277,3.204,-21.649,2.48,50,6
57550,-0.961,0.009,0.259,2.0,5.049,2.396,50,6
57591,-0.969,0.006,0.163,-2.385,-12.167,1.682,47,10
57632,-0.969,0.009,0.341,5.05,-21.733,3.4,51,11
57674,-0.969,0.009,-0.206,-25.872,-27.275,-6.135,37,11
57715,-0.974,-0.093,0.081,-14.872,-32.878,-3.459,45,11
57756,-0.954,-0.035,0.154,-10.428,-39.954,-2.41,47,4
57797,-0.949,-0.236,-0.007,-23.872,-40.641,-4.565,41,3
57841,-0.948,0.027,0.287,-6.724,-31.244,2.567,49,3
57881,-0.907,-0.171,0.141,-13.854,-24.618,-0.157,43,3
57922,-0.928,-0.055,0.292,-5.958,-22.838,2.307,47,3
57963,-0.912,-0.131,0.169,-7.682,-33.452,-0.967,44,3
58002,-0.909,0.05,0.388,-0.48,-3.241,4.581,21,3
58085,-0.921,0.02,0.36,0.025,-3.302,4.383,22,3
58124,-0.917,0.006,0.351,-0.601,-4.785,4.036,22,3
58165,-0.918,0.072,0.446,0.965,0.546,6.363,49,3
58206,-0.917,0.123,0.33,1.627,6.519,8.244,54,3
58249,-0.913,0.141,0.333,2.688,6.096,8.962,21,3
58288,-0.914,-0.031,0.335,-4.25,-12.632,2.754,21,3
58329,-0.907,0.138,0.354,2.507,7.23,9.182,50,3
58368,-0.906,0.132,0.349,2.892,7.024,8.83,23,3
58408,-0.901,-0.089,0.363,-4.835,-19.0,1.201,48,4
58449,-0.902,0.118,0.367,2.836,6.024,8.832,51,3
58489,-0.899,-0.058,0.372,-4.226,-8.523,2.229,20,3
58528,-0.899,-0.128,0.376,-4.586,-12.464,0.302,20,3
58570,-0.893,-0.136,0.364,-4.948,-13.529,-1.139,56,3
58614,-0.901,0.045,0.372,0.091,-1.911,5.761,58,3
58655,-0.895,0.091,0.371,1.277,1.816,7.985,51,3
58696,-0.887,0.151,0.364,3.008,5.807,10.988,56,3
58738,-0.895,-0.435,0.383,-15.929,-30.187,-12.564,15,5
58779,-0.885,-0.102,0.388,-5.213,-10.52,2.484,48,3
58820,-0.895,-0.047,0.387,0.037,-0.54,3.18,50,3
58861,-0.903,-0.21,0.386,-4.288,-11.681,-5.609,44,3
58902,-0.894,-0.283,0.432,-10.361,-18.781,-5.713,44,3
58943,-0.888,0.149,0.389,3.998,12.626,14.653,56,3
58987,-0.849,0.12,0.395,4.452,10.954,15.648,55,3
59029,-0.923,0.059,0.358,1.252,12.754,8.84,58,3
59070,-0.895,-0.212,0.366,-12.7,-13.18,-5.873,50,3
59112,-0.919,-0.159,0.354,-6.53,-12.277,-3.46,53,3
59153,-0.9,0.013,0.504,6.085,24.232,15.404,53,3
59194,-0.954,-0.103,0.414,-13.702,-7.253,4.587,49,3
59235,-0.861,-0.329,0.424,-14.511,-38.707,-12.76,40,3
59281,-0.913,0.046,0.369,3.517,8.775,9.853,51,3
59321,-0.898,-0.08,0.351,-2.143,1.397,3.862,50,3
59364,-0.897,0.012,0.372,-3.819,15.489,10.52,53,4
59405,-0.879,-0.069,0.377,-15.244,-1.713,4.841,48,4
59445,-0.952,0.254,0.333,16.908,16.977,11.963,59,4
59485,-0.896,0.003,0.369,2.987,-13.3,-0.157,51,4
59525,-0.87,-0.253,0.377,-6.434,-16.882,-4.13,43,4
59565,-0.932,-0.183,0.329,3.739,-4.929,-4.003,45,4
59604,-0.9,-0.054,0.361,-1.771,3.924,3.55,49,4
59645,-0.902,-0.334,0.357,-19.734,-19.987,-7.743,40,3
59685,-0.952,-0.139,0.331,-4.566,-15.444,-1.87,46,3
59725,-0.879,0.204,0.363,1.306,-0.203,15.193,57,4
59768,-0.89,0.049,0.342,3.148,4.32,4.494,53,4
59808,-0.882,0.267,0.369,14.532,33.424,20.059,59,4
59849,-0.941,0.058,0.352,12.006,14.511,6.216,54,3
59889,-0.922,-0.167,0.329,-6.378,-12.993,-3.107,45,3
59929,-0.913,0.16,0.343,1.978,13.832,6.458,56,3
59969,-0.924,-0.048,0.335,-2.68,-23.597,1.789,49,4
60010,-0.875,-0.086,0.351,-4.392,-26.87,1.725,48,4
60050,-0.878,0.046,0.368,1.458,-1.823,2.463,52,3
60090,-0.867,0.079,0.385,2.173,9.838,3.432,53,3
60177,-0.918,0.015,0.359,5.136,11.74,5.664,51,3
60217,-0.944,0.032,0.327,3.849,8.945,3.498,52,3
60257,-0.922,0.032,0.37,0.939,-2.167,6.002,54,4
60298,-0.899,-0.147,0.335,-9.222,-22.202,0.544,48,4
60338,-0.876,0.161,0.37,10.88,10.785,7.74,56,4
60378,-0.891,-0.193,0.379,-2.899,-9.564,-5.191,45,4
60419,-0.905,-0.177,0.37,-2.932,-3.56,-0.07,46,4
60459,-0.919,-0.03,0.351,-0.284,-0.346,4.813,50,4
60498,-0.928,0.037,0.349,0.138,-6.944,5.746,52,4
60542,-0.895,-0.019,0.371,-2.056,-11.6,3.066,50,3
60582,-0.878,0.265,0.385,12.296,25.279,15.744,61,3
60623,-0.869,-0.021,0.371,2.387,11.748,5.514,51,4
60663,-0.908,0.213,0.357,24.453,30.044,13.067,58,4
60703,-0.916,0.228,0.354,13.796,23.789,13.355,58,4
60744,-0.921,-0.013,0.361,-3.899,-7.374,2.498,50,4
60784,-0.904,-0.05,0.344,-8.088,-7.139,3.389,50,4
60825,-0.899,-0.076,0.335,0.643,-3.866,2.068,49,4
60865,-0.906,0.133,0.366,6.069,0.42,5.236,55,4
60909,-0.902,-0.238,0.342,-2.64,-12.289,-5.424,43,4
60949,-0.905,0.095,0.354,1.715,2.631,9.251,54,4
60989,-0.905,0.114,0.363,1.295,2.502,7.693,55,4
61030,-0.891,-0.364,0.375,-6.375,-34.586,-11.786,54,3
61071,-0.898,-0.04,0.378,-0.094,-6.197,2.11,51,3
61111,-0.91,-0.042,0.356,-0.878,-9.946,3.749,50,3
61152,-0.892,0.218,0.395,2.04,7.445,10.321,58,3
61192,-0.881,0.006,0.358,0.2,8.776,6.126,53,3
61233,-0.904,-0.31,0.359,-3.149,11.214,-4.363,42,4
61277,-0.903,0.065,0.38,2.892,8.182,5.355,58,4
61317,-0.917,-0.017,0.351,-0.193,-0.309,3.118,50,4
61358,-0.911,0.046,0.347,0.793,0.061,8.104,53,4
61399,-0.907,-0.01,0.353,-0.393,-7.888,3.71,57,4
61438,-0.893,-0.197,0.388,-7.705,-21.536,-5.939,49,3
61480,-0.897,0.046,0.347,0.772,3.195,7.108,60,3
61520,-0.917,0.006,0.36,1.446,4.877,5.723,51,4
61561,-0.904,0.127,0.368,2.233,5.509,9.861,55,4
61601,-0.888,0.255,0.38,4.335,11.789,17.903,59,4
61642,-0.885,0.192,0.368,5.759,22.478,11.505,57,4
61686,-0.915,0.267,0.331,12.466,10.183,15.103,59,4
61726,-0.913,0.289,0.359,10.495,34.612,10.012,60,3
61767,-0.9,0.077,0.331,3.12,17.362,7.558,54,3
61815,-0.925,0.152,0.529,14.745,19.175,12.059,54,3
61855,-0.921,0.083,0.278,1.009,5.108,6.501,48,3
61895,-0.918,-0.101,0.329,-13.023,-2.91,4.974,47,3
61935,-0.923,0.053,0.405,3.667,-5.388,3.537,49,3
61974,-0.922,-0.099,0.329,-2.639,-22.694,-0.802,21,4
62012,-0.88,-0.021,0.354,-2.783,-7.035,3.006,21,3
62053,-0.901,-0.042,0.319,1.574,10.687,2.294,21,3
62094,-0.924,-0.291,-0.028,-0.85,11.626,-4.582,47,3
62134,-0.931,-0.276,-0.021,-7.536,10.359,-8.117,41,3
62174,-0.924,-0.15,0.175,-7.247,-2.388,-4.784,45,3
62255,-0.945,-0.251,0.021,-17.122,-24.737,-10.53,22,3
62295,-0.918,0.151,0.46,-17.939,16.069,29.678,51,3
62334,-0.945,-0.316,0.385,-21.954,-14.017,0.934,44,3
62374,-0.925,-0.294,0.336,-9.846,-35.332,-15.965,44,3
62415,-0.926,0.121,0.374,41.069,-1.765,3.553,53,3
62458,-0.884,0.103,0.019,-13.649,12.847,-1.143,43,3
62498,-0.935,-0.448,0.353,-13.802,-6.049,0.384,43,3
62538,-0.96,-0.225,0.35,9.39,-13.764,-3.573,46,3
62578,-0.978,0.117,-0.114,1.031,-45.668,-17.07,46,3
62618,-0.988,0.185,0.694,-31.076,12.351,36.426,48,3
62657,-0.936,0.145,0.398,-24.534,32.847,20.465,20,3
62697,-0.924,0.003,0.353,17.523,-33.0,0.888,50,3
62737,-0.899,0.146,0.725,33.429,-23.962,18.729,55,3
62778,-0.884,0.063,0.363,-17.023,12.534,7.889,48,3
62821,-0.891,0.157,0.543,13.731,10.817,19.59,56,3
62861,-0.932,0.043,0.418,23.967,11.092,6.267,53,3
62900,-0.942,0.041,0.532,18.22,10.443,17.599,21,3
62939,-0.928,-0.129,0.349,-14.672,13.176,3.659,20,3
62977,-0.95,0.072,0.345,15.586,10.118,8.17,20,3
63015,-0.95,0.122,0.23,-0.645,-19.905,3.003,20,3
63055,-0.935,0.094,0.459,-20.466,18.351,3.841,46,3
63096,-0.917,-0.323,0.271,-25.979,-36.112,-17.76,39,3
63136,-0.955,-0.059,0.215,22.214,-25.557,-12.471,49,3
63179,-0.919,0.1,0.118,-13.053,-8.833,1.392,44,3
63220,-0.933,-0.165,0.36,-12.58,1.46,4.192,49,3
63260,-0.927,-0.172,0.22,-0.769,-9.701,-4.605,46,3
63300,-0.963,0.054,0.712,61.918,32.434,26.661,59,3
63341,-0.942,0.122,0.353,-39.916,15.802,9.138,44,3
63381,-0.939,0.023,0.417,-24.618,-30.695,16.102,53,3
63421,-0.927,-0.112,0.33,33.337,-30.099,-3.56,50,3
63460,-0.899,0.155,0.403,31.752,-4.072,-0.461,20,3
63501,-0.871,0.155,0.349,-19.252,-37.913,-16.031,44,3
63544,-0.902,-0.19,0.174,-21.546,11.336,-8.466,42,3
63584,-0.968,-0.049,0.276,12.513,-0.978,0.752,47,3
63624,-0.873,0.256,-0.029,-5.959,23.679,16.442,49,3
63663,-0.961,-0.214,0.454,-40.328,1.884,11.514,20,3
63704,-0.875,-0.096,0.335,1.998,-28.099,-1.129,48,3
63744,-0.927,-0.341,-0.103,-5.503,-29.061,-26.765,15,5
63783,-0.797,0.102,0.345,-17.099,1.31,3.443,47,3
63824,-0.881,-0.068,0.354,-3.497,18.382,3.947,47,3
63864,-0.934,-0.26,0.091,25.282,15.733,-4.452,42,3
63907,-0.923,0.031,0.853,32.461,22.16,24.264,62,3
63948,-0.959,0.257,0.56,25.559,15.031,6.654,58,3
63988,-0.963,0.02,0.317,11.115,2.72,6.052,52,3
64027,-0.93,0.082,0.391,-12.031,-28.756,2.953,20,3
64066,-0.892,0.142,0.543,8.473,-29.092,4.136,21,3
64107,-0.899,0.21,0.329,15.13,27.713,7.912,50,3
64147,-0.853,0.054,0.34,-5.672,-8.957,2.862,45,3
64187,-0.875,-0.164,0.327,-5.566,26.313,-1.055,43,3
64226,-0.913,0.081,0.437,18.348,38.878,12.917,20,3
64310,-0.958,-0.381,-0.181,-14.576,24.313,-16.842,14,5
64353,-0.978,0.017,0.227,4.892,14.97,7.94,48,3
64394,-0.949,-0.057,0.182,-8.085,0.036,2.388,46,3
64434,-0.954,0.217,0.516,32.085,16.467,14.396,48,3
64473,-0.877,0.03,0.318,16.96,9.596,1.39,20,3
64513,-0.935,-0.363,-0.066,-33.269,15.702,-15.945,48,3
64553,-0.945,0.038,0.347,22.588,31.641,12.95,49,3
64593,-0.962,0.17,0.347,31.695,26.634,38.954,53,3
64634,-0.947,0.033,0.232,33.344,43.878,22.595,48,2
64674,-0.914,0.051,0.089,34.756,31.321,6.484,48,2
64718,-0.967,0.067,0.036,31.405,31.794,14.754,49,2
64758,-1.025,0.106,0.02,26.29,43.29,-8.666,43,2
64799,-0.999,0.066,-0.029,20.916,33.771,23.747,49,2
64840,-1.025,0.104,-0.079,67.194,35.855,29.527,59,9
64881,-1.02,0.157,-0.053,-10.728,25.42,40.435,43,2
64921,-0.989,0.137,-0.068,14.95,17.466,33.527,53,2
64962,-0.97,0.166,-0.098,7.034,15.802,25.237,52,2
65003,-1.024,0.181,-0.067,7.16,15.822,28.061,53,2
65044,-0.984,0.164,-0.094,15.698,25.23,29.069,58,2
65088,-0.963,0.216,-0.114,7.633,20.631,29.366,63,3
65129,-0.902,0.227,-0.18,-1.059,11.229,31.397,58,3
65170,-0.958,0.243,-0.176,-26.551,32.191,33.809,51,4
65212,-1.021,0.277,-0.173,-12.947,38.214,42.145,61,4
65253,-1.131,0.277,-0.173,-21.145,23.809,50.092,57,5
65303,-1.143,0.269,-0.22,-26.718,19.901,71.641,0,7
65352,-1.11,0.282,-0.216,-24.855,16.581,96.74,0,11
65394,-1.044,0.372,-0.318,-31.855,19.519,120.641,54,12
65446,-1.063,0.576,-0.303,-49.336,39.809,143.015,0,49
65506,-0.806,0.663,-0.316,-64.351,18.321,170.527,0,120
65558,-0.58,0.736,-0.285,-71.389,13.198,159.16,0,55
65614,-0.628,0.938,-0.163,-73.695,19.061,119.321,0,52
65667,-0.522,1.032,-0.199,-97.496,14.374,105.985,183,62
65714,-0.344,0.692,0.248,-88.397,-21.077,101.099,98,52
65759,-0.166,0.497,0.299,-55.466,-41.031,91.298,74,55
65804,0.023,0.624,0.331,-31.107,-35.748,72.748,68,58
65849,0.125,0.686,0.46,-14.695,7.904,63.321,67,59
65899,0.129,0.797,0.557,18.074,32.256,50.687,94,60
65943,0.081,0.868,0.327,-6.219,-8.595,38.191,49,61
65990,0.069,0.961,0.16,-3.221,-18.093,28.107,93,62
66036,0.08,0.997,0.153,-1.237,-15.009,29.0,91,62
66083,0.066,1.037,0.099,-1.928,-14.311,32.489,91,62
66128,0.07,1.036,0.375,5.95,4.053,36.809,90,55
66174,0.063,1.07,0.024,-0.954,-14.008,38.611,90,47
66221,0.068,1.272,0.035,6.895,2.575,39.977,89,57
66271,0.056,1.407,-0.057,-3.785,15.847,42.282,155,52
66318,0.077,1.451,-0.004,120.031,52.16,51.824,97,79
66364,0.004,1.0,0.328,-67.641,26.573,64.305,36,59
66416,0.122,0.662,0.456,-77.809,-29.55,43.763,156,89
66461,0.302,0.551,0.095,-70.069,-28.855,38.733,28,90
66512,0.328,0.607,0.413,-53.267,-34.733,57.145,136,96
66608,0.553,0.447,0.437,-24.618,-83.55,42.115,139,107
66660,0.693,0.559,-0.017,-17.336,-63.527,40.565,139,108
66717,0.735,0.762,0.184,-27.58,-38.092,7.787,131,0
66776,0.774,0.781,0.379,-40.855,-99.997,-68.966,46,5
66823,0.648,0.709,0.456,-32.122,23.153,-20.318,139,0
66880,0.524,0.675,0.538,-14.473,26.0,-14.938,138,0
66937,0.441,0.657,0.504,12.508,38.684,12.922,130,0
66980,0.481,0.609,0.497,2.528,-13.795,5.754,131,0
67039,0.552,0.649,0.47,-3.13,-47.817,-6.716,149,0
67095,0.619,0.569,0.536,28.853,-26.71,21.598,129,0
67139,0.778,0.562,0.711,-22.16,-37.038,-63.305,131,0
67196,0.706,0.857,0.696,33.206,-34.153,-27.16,141,0
67241,0.605,0.687,0.644,60.0,-46.0,-57.725,20,106
67297,0.445,0.859,0.511,81.008,-43.107,-72.71,135,106
67351,0.363,0.694,-0.329,104.519,-27.626,-81.374,161,107
67405,0.224,0.748,-0.093,102.237,14.672,-55.473,133,144
67454,0.097,0.758,-0.266,89.824,28.267,-27.02,136,61
67510,0.139,0.913,-0.292,65.351,-32.808,-24.608,137,58
67558,0.281,0.982,-0.429,44.198,-23.714,-0.718,143,59
67606,0.411,1.024,-0.477,86.811,9.324,23.42,144,41
67651,0.396,1.056,-0.331,2.038,25.389,-10.88,110,36
67696,0.27,1.038,-0.192,-23.811,36.481,-46.428,108,26
67752,0.203,0.958,-0.116,-7.629,27.84,-15.279,109,37
67802,0.158,0.975,-0.042,2.314,18.351,-2.857,110,56
67851,0.143,0.97,-0.082,-4.5,-1.129,-19.769,111,52
67900,0.202,1.047,-0.129,1.865,13.466,2.684,111,60
67949,0.183,1.111,-0.115,9.465,19.076,8.149,111,65
67998,0.155,1.108,0.01,-12.275,10.435,-4.484,111,56
68047,0.214,0.916,0.226,-3.377,-0.249,-0.511,111,57
68096,0.34,0.573,0.106,-23.543,-44.679,-0.076,112,49
68145,0.364,0.633,0.367,29.321,-28.504,16.657,113,62
68196,0.254,0.748,0.024,55.901,-13.724,-2.827,115,29
68239,0.166,1.001,-0.194,66.969,13.878,-17.041,37,17
68283,0.036,1.066,-0.259,43.191,-28.526,5.769,42,24
68326,-0.076,1.038,-0.277,40.25,-66.725,-6.182,47,27
68370,0.056,1.091,-0.329,-38.344,-115.45,-26.343,46,21
68413,0.166,1.25,-0.521,-40.74,-65.58,-48.916,38,21
68457,0.196,1.154,-0.342,-43.366,19.13,-41.916,46,21
68501,-0.002,1.145,-0.28,-18.344,48.687,-56.821,41,20
68545,-0.057,1.002,-0.072,0.361,27.626,-7.264,55,21
68592,-0.126,0.917,-0.14,22.099,-35.13,-26.105,54,28
68636,-0.085,0.87,-0.188,36.328,-91.496,-50.794,44,20
68680,0.077,0.901,-0.333,27.397,-92.847,0.41,59,18
68724,0.181,0.967,-0.386,14.641,-27.275,-1.715,55,18
68768,0.051,1.049,-0.179,1.749,28.305,11.118,58,18
68812,-0.091,1.838,-0.227,-0.625,56.374,33.122,56,18
68856,-0.082,0.815,-0.119,30.792,37.038,49.458,63,17
68900,-0.191,0.751,-0.001,-46.804,-28.336,37.198,54,18
68948,0.019,1.011,-0.309,42.55,-66.458,-4.151,54,19
68993,0.032,0.852,-0.346,69.29,-52.443,3.172,62,20
