Timestamp(ms),AccelX(g),AccelY(g),AccelZ(g),GyroX(deg/s),GyroY(deg/s),GyroZ(deg/s),DistanceLeft(cm),DistanceRight(cm)
30554,-0.422,-1.246,0.02,-15.292,-44.256,-24.798,0,97
30608,-0.358,-1.195,-0.144,17.931,-49.252,-23.824,0,101
30663,-0.207,-0.806,0.049,15.183,-47.29,59.458,0,101
30717,-0.275,-1.201,-0.033,-10.293,-68.405,78.718,0,110
30774,-0.313,-1.091,-0.234,-12.808,-69.328,87.252,0,118
30832,-0.208,-1.053,-0.122,14.511,-60.713,91.519,0,167
30892,-0.284,-1.027,-0.145,17.267,-39.564,84.84,0,174
30953,-0.075,-0.841,0.136,15.216,17.137,67.908,3,183
31013,-0.291,-0.924,-0.051,-2.689,-24.992,45.786,0,191
31068,-0.407,-0.96,-0.157,-28.086,-67.73,-48.833,0,99
31120,-0.067,-1.13,0.278,22.278,36.834,-27.366,4,50
31175,-0.303,-1.313,0.132,-15.349,-22.325,-81.191,1,59
31227,-0.242,-1.261,0.238,-35.145,-50.015,-117.42,3,56
31283,-0.259,-0.789,0.291,-5.641,-82.573,-107.504,2,39
31334,-0.096,-0.636,0.217,20.432,-98.137,-36.13,2,41
31388,0.116,-1.155,-0.12,12.802,-132.82,-57.354,0,43
31442,0.44,-1.06,-0.459,23.87,229.237,23.282,0,44
31499,-0.197,-0.769,-0.476,26.458,250.13,67.702,0,63
31552,-1.439,-0.79,0.537,38.26,250.13,65.298,5,67
31604,-1.292,-0.754,0.632,-6.683,-196.786,-36.939,0,63
31660,-0.513,-0.771,-0.272,-40.756,-250.137,-86.542,0,55
31712,0.827,-0.93,-0.724,-13.647,-49.344,-96.763,1,57
31770,0.056,-0.83,-0.119,14.269,250.13,12.227,1,89
31822,-1.768,-1.098,1.085,14.519,-43.392,-17.542,0,61
31878,0.135,-0.717,0.422,-45.405,-250.137,-27.115,4,60
31934,0.916,-1.468,-0.613,-28.853,-58.74,-9.463,0,59
31986,-0.394,-0.756,0.23,44.565,212.359,75.702,1,56
32043,-1.623,-0.815,1.137,13.901,-126.672,50.893,2,65
32093,-0.89,-1.181,-0.369,-13.315,-250.137,0.99,0,31
32148,1.162,-1.319,-1.222,26.519,-214.954,-31.206,0,34
32199,0.941,-0.384,-0.996,57.198,250.13,71.458,0,35
32256,-1.407,-0.272,-0.102,-39.271,250.13,167.656,0,82
32308,-1.76,-0.893,0.793,-36.885,-250.137,14.353,0,48
32362,0.15,-1.071,-1.009,-31.177,-250.137,-34.076,0,35
32417,1.521,-0.633,-1.076,15.267,158.58,-61.023,0,45
32470,-0.732,-1.008,0.404,-53.947,250.13,19.214,0,52
32525,-1.847,-1.707,1.074,-22.52,-147.458,-53.649,0,43
32577,-0.135,-1.195,-0.15,-46.519,-250.137,-68.817,0,49
32631,1.641,-0.325,-0.802,16.258,136.328,-72.756,2,41
32684,0.0,-0.371,-0.489,24.13,250.13,69.542,4,52
32740,-2.0,-1.524,1.632,67.229,186.252,85.366,0,61
32792,-1.689,-0.801,-0.271,-34.542,-250.137,-25.702,0,46
32846,1.256,-1.257,-1.68,-36.168,-250.137,-74.115,0,36
32902,1.288,-0.495,-1.188,31.427,250.13,-7.167,0,44
32955,-1.525,-0.3,-0.25,-35.87,250.13,89.031,0,68
33011,-2.0,-0.57,1.072,-1.502,-250.137,-56.595,1,62
33063,0.231,-0.9,-0.668,-53.527,-250.137,-78.206,3,47
33119,0.951,-0.852,-0.834,41.946,242.924,-33.824,5,51
33171,-2.0,-1.735,0.928,-56.893,175.359,36.29,0,59
33227,-1.378,-1.29,0.477,-38.75,-250.137,-17.252,0,45
33325,1.216,-0.489,-0.732,21.206,143.641,45.183,3,51
33382,-0.262,-0.898,0.069,12.1,250.13,128.153,1,72
33434,-1.133,-0.747,0.825,43.084,-76.626,34.053,3,51
33490,0.579,-0.939,-0.562,16.588,8.542,7.433,0,55
33543,0.005,-0.61,-0.271,12.756,250.13,71.191,1,58
33599,-2.0,-1.074,1.526,7.137,-150.344,20.42,1,63
33651,-0.839,-1.08,-0.65,-53.339,-250.137,-27.305,0,54
33708,1.352,-0.759,-1.157,15.176,110.183,-57.13,0,58
33762,-1.182,-1.064,0.612,-38.473,250.13,26.45,0,73
33818,-1.056,-1.147,0.243,-2.568,-250.137,-47.672,2,70
33870,0.874,-1.262,-0.544,-30.534,-83.244,-67.725,2,58
33928,0.631,-0.332,-0.753,15.466,250.13,31.061,3,76
33983,-2.0,-0.722,0.392,37.145,250.13,141.901,2,98
34036,-1.928,-0.664,0.412,-36.573,-250.137,-25.481,3,70
34088,-0.226,-1.163,-1.391,-62.649,-250.137,-57.664,0,53
34145,1.863,-0.437,-1.176,61.168,197.282,-33.649,2,55
34199,-0.589,-0.356,-0.431,-16.857,250.13,80.748,0,89
34258,-2.0,-1.182,1.779,-25.301,-97.0,-27.397,0,105
34312,-0.367,-0.817,-0.565,-25.579,-250.137,-40.542,0,79
34366,1.272,-0.752,-0.866,2.45,122.809,-45.298,1,84
34420,-1.16,-1.107,0.201,-35.008,250.13,56.649,0,81
34475,-1.777,-1.09,0.651,-40.336,-250.137,-28.13,1,83
34530,0.453,-1.316,-1.16,-45.29,-250.137,-70.824,1,89
34584,0.663,-0.319,-0.301,18.58,191.534,18.741,0,93
34639,-2.0,-1.245,1.146,-37.29,-136.748,88.504,0,97
34694,-0.484,-1.364,-0.604,-32.809,-250.137,-26.389,0,87
34753,1.315,-0.565,-1.065,39.534,174.763,-60.573,3,104
34808,-0.883,-0.269,0.561,-24.408,250.13,86.489,0,110
34863,-1.338,-1.029,0.468,-24.904,-250.137,39.786,0,87
34916,1.228,-1.324,-1.223,37.099,-85.779,-56.435,0,64
34971,0.161,-0.406,0.19,22.41,250.13,34.316,4,96
35026,-2.0,-1.605,1.226,-42.053,-154.153,37.542,8,100
35079,0.167,-1.776,-0.771,-8.237,-250.137,-7.512,177,74
35132,0.707,-0.978,-0.013,-20.586,147.305,-19.336,171,77
35191,-1.38,-0.487,1.15,13.855,-61.137,28.847,3,125
35244,0.456,-1.129,-0.675,38.84,-167.137,21.305,163,81
35298,-0.037,-0.708,0.173,19.924,224.191,-16.282,3,88
35350,-1.604,-0.895,0.918,-22.868,-245.611,48.565,149,91
35396,0.556,-1.364,-0.861,-12.32,-250.137,30.84,43,93
35447,0.553,-0.261,-0.353,-13.787,197.931,50.679,139,97
35500,-2.0,-0.867,1.421,-96.023,-131.794,110.214,134,103
35560,-0.455,-1.376,-0.756,-43.168,-250.137,5.074,195,0
35598,0.979,-0.256,-0.531,24.733,176.122,-36.122,37,0
35649,-0.973,-0.336,1.224,-84.092,92.595,103.252,39,123
35710,-0.884,-1.339,0.189,-34.984,-250.137,-30.648,0,0
35758,0.86,-0.377,-0.407,33.74,127.16,-32.275,1,0
35803,-1.704,-1.177,1.472,-98.473,-64.275,99.13,0,164
35864,-1.244,-1.208,-0.115,-59.145,-250.137,15.827,1,0
35911,1.933,-0.58,-1.542,61.542,43.023,-53.206,3,0
35958,-0.393,-0.517,-0.045,-45.084,250.13,43.206,0,0
36063,-0.665,-1.197,-0.527,-38.626,-250.137,-21.374,0,0
36113,1.139,-0.434,-0.724,19.817,26.565,-45.069,0,0
36156,-0.688,-0.535,0.625,-36.221,93.748,68.954,1,125
36214,-1.447,-1.256,0.679,-37.214,-250.137,37.053,0,141
36272,1.08,-1.511,-0.983,28.71,-138.634,-53.634,0,134
36328,0.113,-0.542,-0.389,26.824,250.13,-1.1,0,123
36385,-2.0,-1.752,1.012,-51.718,-89.061,45.969,0,126
36444,0.199,-1.668,-0.778,-9.129,-250.137,-5.663,1,145
36502,0.969,-0.615,-0.525,16.04,224.573,-16.511,2,149
36560,-1.766,-0.201,1.588,-32.427,32.053,86.969,2,144
36617,-0.173,-1.458,-0.573,5.983,-250.137,43.664,1,60
36669,1.393,-1.094,-1.274,62.687,109.221,-40.099,3,43
36725,-0.978,-0.61,0.77,-26.271,226.45,65.603,2,52
36777,-0.579,-1.057,0.214,8.096,-222.664,39.366,2,55
36834,1.022,-0.665,-0.724,49.748,90.626,7.177,1,54
36888,-1.109,-0.429,0.863,-70.611,193.435,53.847,0,65
36941,-0.846,-1.131,0.268,-43.84,-250.137,-68.651,0,66
36996,0.665,-0.737,-0.356,6.405,-46.26,-55.748,1,70
37050,-1.431,-0.675,1.021,-75.672,-198.16,41.588,3,79
37109,0.344,-1.504,-0.875,-35.099,-250.137,30.239,2,110
37165,0.929,-0.747,-0.692,9.134,250.13,27.129,1,90
37219,-2.0,-1.706,1.43,-52.13,144.435,9.088,0,88
37275,-0.587,-1.018,-0.232,0.633,-250.137,-21.107,0,106
37332,1.134,-0.6,-0.83,34.611,32.725,-16.412,0,127
37389,-1.115,-0.994,0.847,-49.13,21.733,82.458,0,123
37447,0.299,-1.331,-0.588,26.0,-138.947,-13.495,0,24
37497,0.726,-0.655,-0.499,31.664,189.939,-18.351,2,26
37557,-1.433,-0.441,0.995,6.175,175.076,28.901,2,136
37613,-1.098,-1.121,-0.281,-44.74,-250.137,-4.788,0,139
37663,1.766,-0.924,-1.235,42.634,-99.038,-82.84,1,23
37713,0.056,-0.687,-0.292,-1.621,250.13,-11.257,0,25
37764,-1.597,-1.561,0.917,-64.931,112.733,32.534,2,28
37814,0.032,-1.724,-0.296,26.939,-74.832,-9.59,0,27
37869,0.384,-0.76,-0.032,35.122,180.977,-29.603,0,47
37920,-1.096,-0.309,0.881,-3.299,124.58,38.947,0,36
37975,-0.767,-1.024,0.514,-7.378,-250.137,56.504,0,30
38029,0.833,-1.399,-0.793,66.817,-61.221,-13.024,0,42
38079,-0.072,-0.527,-0.04,20.267,221.298,3.707,0,38
38130,-1.033,-0.559,0.887,-49.221,159.454,42.718,3,40
38185,0.4,-1.188,-0.391,35.0,-79.45,-0.696,1,50
38237,0.364,-0.515,-0.291,17.901,250.13,-19.702,2,43
38293,-2.0,-0.611,1.768,-82.908,53.137,6.804,0,52
38344,-1.199,-0.931,-0.315,-80.886,-250.137,14.442,0,47
38387,1.841,-1.132,-1.242,24.229,-141.824,-82.794,47,55
38439,0.051,-0.568,0.35,6.889,250.13,8.687,0,61
38495,-1.484,-1.835,0.994,-78.901,22.947,8.254,0,52
38547,0.437,-1.426,-0.476,56.198,-54.164,-43.275,0,59
38599,-0.508,0.023,0.53,14.229,188.061,23.939,0,67
38656,-1.031,-1.305,0.631,-50.725,-134.099,67.55,0,65
38709,0.56,-1.497,-0.699,84.649,-79.312,-55.252,0,73
38806,-1.343,-0.777,1.131,-66.473,-51.385,43.145,0,83
38859,-0.188,-1.503,-0.683,12.115,-250.137,-33.412,0,88
38914,0.815,-0.287,-0.54,85.366,157.794,-28.42,0,86
38970,-1.168,-0.753,1.195,-93.031,40.504,44.87,0,80
39024,-0.343,-1.718,-0.369,-28.731,-250.137,-20.824,0,76
39077,0.727,-0.744,-0.38,85.947,151.519,-67.87,1,78
39131,-0.966,-0.784,1.232,-99.939,109.519,31.022,1,82
39185,-0.553,-1.436,-0.536,-19.281,-145.603,-51.66,0,82
39240,0.557,-0.167,0.458,137.718,170.565,-39.817,5,108
39296,-1.032,-0.726,1.11,-58.725,85.092,55.038,2,104
39349,-0.499,-1.632,-0.099,-22.053,-250.137,43.817,0,76
39403,0.883,-0.554,-0.747,125.87,108.252,-47.74,0,96
39461,-0.905,-0.272,0.823,-72.244,158.29,47.076,0,114
39513,-0.622,-1.703,-0.248,-50.756,-158.977,21.359,0,37
39572,0.394,-0.703,-0.581,117.191,107.679,-93.267,0,109
39627,-1.284,-0.591,1.118,-127.382,-0.338,17.569,0,106
39682,-0.254,-1.857,-0.408,-61.985,-250.137,19.374,2,88
39735,0.896,-0.561,-0.256,94.13,129.275,-80.015,1,89
39792,-0.848,-1.172,0.973,-122.435,206.061,-28.814,0,126
39848,-0.554,-1.379,0.255,-29.105,-105.817,-41.748,0,131
39906,0.118,-0.05,0.237,103.458,86.855,13.448,1,93
39959,-1.166,-0.79,0.976,-86.115,-182.244,60.847,0,76
40013,-0.381,-1.732,-0.801,-32.458,-250.137,-80.988,0,82
40068,0.988,-0.496,-0.699,106.832,135.504,-72.977,0,85
40122,-0.697,-0.284,0.605,-53.252,218.466,34.573,2,90
40176,-0.907,-1.257,0.535,-43.046,-77.099,20.099,0,84
40230,0.347,-0.973,-0.577,123.756,41.374,-19.397,1,88
40285,-0.976,-0.454,0.916,-64.13,33.626,13.941,1,99
40336,-0.885,-1.218,0.242,-83.519,-250.137,20.153,0,38
40391,0.948,-1.504,-0.818,80.382,-84.716,-41.702,0,38
40442,0.022,-0.61,0.307,83.403,214.328,16.919,3,41
40494,-1.085,-0.702,0.884,-122.45,-123.198,27.099,3,45
40555,0.802,-1.361,-0.484,38.137,-100.55,-0.96,1,0
40607,0.135,-0.44,-0.201,83.74,250.13,-7.269,0,52
40659,-1.571,-1.119,1.414,-98.237,4.861,54.87,0,52
40711,-0.21,-1.807,-0.448,17.466,-250.137,39.573,1,43
40763,0.935,-0.255,-0.522,133.58,49.718,-74.443,0,42
40814,-0.495,-0.125,0.522,-53.656,206.947,20.115,0,43
40869,-0.717,-1.427,0.382,-75.0,-5.055,63.176,0,44
40921,0.257,-0.827,-0.815,139.13,152.641,-39.275,2,44
40976,-1.197,-0.161,0.84,-60.115,178.405,-25.008,2,42
41028,-1.227,-1.206,0.521,-103.931,-250.137,6.243,1,37
41079,0.719,-1.711,-0.935,89.122,-116.313,-57.824,0,41
41136,-0.44,-0.446,0.649,-57.878,182.252,-38.298,0,53
41187,-1.329,-1.382,0.595,-105.145,-101.55,3.516,1,45
41238,0.445,-1.148,-0.562,85.55,-75.687,-10.634,0,25
41303,-0.609,0.13,0.746,-38.634,55.267,23.817,2,0
41349,-1.139,-1.513,0.252,-84.053,-250.137,3.32,1,0
41404,0.868,-1.609,-1.124,85.198,-73.038,-90.901,0,95
41458,-0.44,0.033,0.882,53.698,131.076,11.087,3,100
41558,0.69,-1.463,-0.953,80.611,43.977,-4.455,1,103
41613,-0.918,-0.451,1.097,-37.221,41.191,40.786,0,103
41668,-0.565,-1.228,-0.27,-36.954,-247.878,29.847,0,108
41723,0.49,-0.924,-0.702,99.908,94.137,-42.695,3,110
41780,-0.8,-0.685,0.875,-68.733,41.16,54.565,3,115
41839,0.21,-2.0,-0.515,-116.985,-52.115,-54.072,0,119
41895,-0.84,0.123,0.711,44.603,187.718,-64.056,0,121
41955,-0.856,-0.618,0.723,-60.74,-216.84,55.947,0,169
42013,0.431,-1.35,-0.842,71.405,11.924,-55.305,2,164
42072,-0.751,-0.504,0.846,-43.573,-65.031,48.496,0,159
42131,0.503,-1.432,-0.706,9.416,6.714,18.598,199,174
42190,-1.417,-0.443,1.282,-56.802,-103.658,33.374,196,166
42249,-0.298,-1.551,-0.674,-60.145,-250.137,13.302,191,175
42308,0.465,-0.112,-0.131,45.771,238.206,-37.16,186,180
42371,-1.237,-1.089,0.592,-81.756,20.779,84.924,183,190
42430,-0.225,-1.141,-0.226,24.176,-63.852,-7.55,179,191
42483,-0.759,-0.702,0.554,-67.412,-146.122,30.527,174,78
42534,0.189,-1.663,-0.684,33.034,-128.405,24.333,170,68
42585,-0.052,-0.648,0.395,-38.122,81.695,17.079,166,33
42636,-0.802,-0.917,0.292,-77.328,-111.16,6.125,163,74
42687,-0.023,-0.797,-0.305,-14.228,-85.45,-20.725,2,30
42738,-0.979,-0.732,0.411,-90.466,-188.878,40.733,0,33
42792,-0.323,-1.574,-0.64,-53.809,-250.137,23.443,0,22
42844,0.656,-0.974,-0.714,38.595,53.168,-31.962,3,16
42894,-0.931,0.002,0.768,-84.687,128.656,73.664,2,16
42944,-1.079,-1.458,0.008,-79.786,-250.137,36.87,0,9
42997,0.711,-1.315,-0.818,22.076,-116.748,-60.282,0,7
43047,-0.591,-0.109,0.778,-49.649,86.664,-6.082,0,9
43097,-0.939,-1.383,0.328,-66.252,-209.931,-3.126,0,8
43150,0.99,-1.677,-0.896,67.886,-36.315,-63.496,0,6
43200,-0.246,-0.335,-0.008,40.832,250.13,-25.076,2,7
43253,-2.0,-1.697,0.894,-59.031,-79.031,-21.096,0,6
43308,-0.193,-1.771,-0.458,18.756,-250.137,-41.733,0,75
43359,0.794,-0.196,-0.458,88.908,67.824,-47.679,1,28
43416,-0.107,-0.234,0.228,-3.878,217.634,33.924,2,80
43471,-0.912,-1.226,0.218,4.165,72.702,58.191,2,105
43526,-0.93,-1.115,0.358,17.45,-211.626,-28.021,0,72
43579,0.059,-1.211,-0.494,5.708,-250.137,-18.481,2,71
43633,0.747,-0.655,-0.388,33.13,71.084,-40.786,1,78
43692,-0.91,-0.529,0.811,-49.855,108.374,69.679,0,80
43746,-0.458,-1.419,0.112,-15.06,-215.076,69.244,0,82
43800,0.476,-0.76,-0.459,60.359,49.42,-52.588,0,83
43856,-0.952,-0.659,0.902,-84.397,-51.1,35.718,0,111
43911,0.465,-1.577,-0.254,132.758,-193.702,20.672,5,76
43965,0.359,-0.513,-0.21,73.641,134.397,-35.84,3,78
44019,-0.785,-0.7,0.686,-77.603,77.229,37.229,1,79
44073,-0.601,-1.975,-0.159,-35.702,-108.527,-18.289,0,78
44128,0.146,-0.753,-0.358,78.618,127.115,-55.267,0,82
44185,-1.054,-0.223,0.696,-93.565,-49.751,31.885,0,81
44240,-0.596,-1.522,-0.595,-55.489,-250.137,-51.98,0,82
44338,-0.725,-0.257,0.475,-64.122,46.328,-14.569,0,81
44393,-0.855,-1.196,0.215,-76.679,-235.443,26.878,2,87
44453,0.792,-0.839,-0.698,95.763,57.983,1.332,2,102
44508,-0.616,-0.357,0.332,13.152,222.672,7.247,1,92
44562,-1.582,-1.183,0.749,-79.809,-250.137,10.067,4,94
44614,0.622,-1.586,-0.915,52.718,-226.489,-22.985,0,65
44670,0.262,-0.768,-0.4,33.176,176.374,-3.221,0,67
44726,-1.256,-1.83,0.647,-101.756,46.963,20.664,2,70
44783,0.243,-1.073,-0.251,35.817,-99.695,-32.082,0,72
44836,0.036,-0.025,0.241,42.382,91.786,24.511,4,79
44893,-1.098,-0.927,0.727,-76.954,-198.771,51.977,0,82
44944,0.373,-2.0,-0.96,22.954,-247.565,-25.763,5,14
45002,0.913,-0.731,-0.687,96.893,219.137,-30.924,1,91
45056,-1.057,-0.124,0.67,-74.13,250.13,57.542,0,89
45110,-1.079,-1.225,0.579,-69.427,-165.611,47.519,0,94
45166,0.376,-1.136,-0.381,75.809,-117.779,-45.382,3,80
45219,-0.035,-0.425,0.266,-33.878,64.641,-50.534,1,83
45274,-0.725,-1.085,0.432,-92.725,-67.168,-24.122,0,87
45330,0.413,-1.087,-0.456,88.305,63.084,-15.405,0,127
45385,-0.945,-0.491,0.435,-47.985,206.031,-2.733,0,116
45444,-1.447,-1.391,0.476,-94.939,-250.137,-3.154,0,158
45494,0.539,-1.573,-0.711,-72.541,-173.84,-38.466,0,24
45547,0.023,-0.508,-0.255,21.016,125.313,11.267,1,25
45597,-1.498,-0.731,0.809,-96.794,-237.718,44.107,0,18
45654,0.172,-1.635,-1.077,-17.436,-250.137,-2.548,0,20
45704,0.87,-0.82,-0.634,42.55,140.038,-33.922,0,18
45760,-0.591,-0.674,-0.057,-36.897,250.13,41.046,0,60
45810,-0.816,-1.221,0.436,-23.573,-18.17,31.031,0,31
45864,0.29,-0.909,-0.281,48.45,36.962,19.711,1,35
45916,-0.766,-0.7,-0.394,22.649,151.893,-49.932,0,34
45970,-1.708,-1.185,0.89,-59.221,-241.229,-37.748,0,21
46020,0.468,-1.637,-1.058,14.585,-250.137,-50.076,1,23
46075,0.797,-1.109,-0.916,104.336,205.168,-44.267,0,46
46129,-0.909,-1.192,0.605,-42.435,250.13,42.74,3,26
46184,-0.696,-1.11,-0.056,-48.154,24.771,-34.756,0,46
46235,0.185,-0.224,-0.019,92.466,128.466,33.092,2,32
46290,-1.661,-0.394,1.347,-30.366,-60.244,36.206,0,48
46342,-0.682,-1.477,-0.543,-37.641,-250.137,-20.311,0,42
46397,1.612,-0.809,-1.302,119.626,97.473,-62.221,0,43
46448,-0.686,0.183,0.242,-25.523,250.13,78.244,0,43
46503,-1.785,-1.432,1.122,-65.733,85.714,46.313,2,45
46558,0.339,-1.216,-0.626,67.809,-101.969,-35.519,0,37
46613,-0.235,-0.238,0.543,-50.588,50.282,3.827,1,53
46666,-0.645,-1.233,0.35,-82.321,-135.351,-24.667,0,62
46723,0.524,-1.139,-0.595,76.145,123.817,-26.611,0,62
46775,-1.343,-0.51,0.763,-75.267,250.13,46.282,0,64
46832,-1.508,-1.599,0.456,-76.756,-250.137,-30.038,1,80
46883,1.03,-0.676,-0.636,54.221,-124.687,-59.74,0,27
46938,-0.184,-0.366,0.185,-11.657,161.237,23.841,1,31
46989,-1.168,-1.335,0.479,-46.412,-123.763,29.015,1,37
47087,-0.034,-0.251,-0.026,58.13,250.13,-55.282,1,39
47141,-1.499,-0.621,0.912,-87.16,-14.256,47.962,0,39
47193,-0.431,-1.298,-0.165,-22.702,-250.137,4.295,0,30
47248,0.853,-0.524,-0.819,86.038,25.473,-84.443,1,37
47299,-0.982,-0.74,0.864,-65.519,101.046,-5.588,0,34
47353,-0.941,-1.538,0.346,-40.496,-228.634,37.352,4,30
47404,0.653,-1.663,-0.843,85.321,-45.066,-53.748,0,25
47459,-0.227,-0.629,0.341,-2.276,238.328,-29.053,1,41
47510,-1.073,-0.814,0.935,-73.809,-60.267,-9.859,0,34
47564,0.426,-1.14,-0.373,70.71,-152.603,-29.824,6,31
47620,0.075,-0.312,0.156,61.16,88.511,-21.847,2,37
47671,-0.964,-1.402,0.569,-80.855,-128.153,82.908,0,42
47726,0.606,-1.387,-0.42,48.992,-124.794,-15.313,4,34
47768,0.378,-0.245,-0.199,60.466,173.053,-17.947,44,36
47819,-0.838,-0.569,0.843,-72.641,109.511,66.802,1,35
47874,-0.141,-1.507,0.189,-19.583,-119.206,33.98,0,31
47917,0.757,-0.772,-0.575,109.382,191.84,-69.924,46,40
47972,-0.894,0.037,0.436,-44.053,250.13,-0.665,0,50
48028,-1.791,-1.401,0.969,-87.977,-175.137,20.351,0,50
48079,0.525,-1.487,-0.615,42.672,-177.626,-45.244,2,46
48136,0.345,-0.975,-0.295,24.023,248.321,-34.809,0,58
48190,-1.784,-1.368,0.634,-63.634,126.16,26.496,0,84
48242,-0.117,-0.899,0.121,14.344,-250.137,29.888,2,50
48299,0.659,-0.749,-0.533,42.84,-49.118,-17.405,0,52
48351,-1.081,-0.657,0.659,-59.687,68.595,26.237,0,55
48406,-0.804,-1.207,-0.121,-46.763,-250.137,1.775,0,46
48461,1.134,-0.671,-0.706,35.496,12.366,-59.687,2,45
48519,-0.344,-0.625,-0.212,18.405,250.13,-54.797,0,67
48571,-1.824,-0.971,1.066,-41.893,-137.527,48.42,0,59
48627,0.058,-1.218,-0.465,-16.558,-250.137,4.843,0,49
48679,0.82,-1.011,-0.446,31.847,139.481,-80.015,0,50
48736,-0.531,-1.234,-0.173,19.565,250.13,-20.156,0,63
48789,-1.646,-1.517,0.958,-16.44,-8.01,65.153,0,64
48841,-0.052,-0.725,0.008,5.899,-250.137,-52.374,1,56
48898,0.539,-0.473,-0.249,43.466,108.753,-104.565,4,62
48955,-0.341,-0.808,0.112,35.389,131.26,62.679,1,66
49008,-0.983,-1.234,0.406,-93.776,-63.092,142.389,5,19
49060,0.362,-1.135,-0.127,13.695,-119.832,-1.917,0,57
49118,0.525,-0.468,-0.42,61.084,236.893,-121.321,0,74
49173,-1.323,-0.584,0.746,-45.71,250.13,0.2,0,90
49227,-1.449,-1.137,0.668,-52.641,-242.473,95.267,0,84
49282,-0.029,-1.165,-0.23,-34.656,-250.137,25.527,2,83
49336,0.57,-0.821,-0.226,-4.543,65.824,-97.656,0,87
49394,-0.858,-0.808,0.362,-37.307,173.55,21.55,0,89
49448,-1.27,-0.82,0.604,-40.26,-66.947,109.504,3,95
49504,-0.692,-1.343,-0.319,-49.214,-166.153,-102.299,0,102
49560,0.14,-0.581,-0.219,12.435,51.206,-103.351,0,106
49616,-1.216,-0.904,0.445,-49.115,-32.48,43.954,0,115
49673,-0.662,-1.229,-0.061,-64.603,-250.137,83.771,0,120
49728,0.626,-0.894,-0.682,-7.432,-61.947,-112.443,0,96
49826,-0.925,-0.954,0.462,-40.084,-99.0,137.931,0,105
49881,0.201,-1.457,-0.211,16.305,-145.84,-21.137,0,81
49937,0.268,-0.971,-0.427,77.992,147.489,-107.443,0,84
49993,-1.254,-0.79,0.696,-43.588,40.885,55.359,0,117
50048,-0.574,-1.63,0.387,9.846,-250.137,49.679,4,92
50103,0.579,-1.316,-0.435,30.71,15.603,-85.061,4,94
50158,-0.749,-0.291,0.576,-55.973,157.427,-67.118,0,97
50216,-0.696,-0.523,0.825,-12.406,-207.618,105.038,2,156
50273,0.519,-1.159,-0.727,40.45,-122.99,-92.939,0,108
50324,-0.769,-0.821,0.514,-36.107,120.351,42.229,130,113
50386,-0.682,-1.11,0.746,-49.603,-178.16,148.305,0,154
50444,0.702,-0.997,-0.347,23.733,-23.173,-111.947,0,129
50496,-0.709,-0.414,0.278,-42.769,224.359,-32.145,113,132
50550,-1.922,-0.638,0.988,-86.817,-250.137,165.252,113,168
50612,0.326,-1.645,-1.384,-40.809,-250.137,15.002,0,0
50657,0.74,-0.599,-0.727,35.481,250.13,-156.626,155,0
50713,-1.412,-0.082,0.408,-85.0,250.13,59.206,153,169
50769,-1.716,-1.136,0.603,-97.496,-250.137,108.74,147,170
50830,0.803,-1.379,-0.975,-14.265,-177.466,-47.252,127,0
50873,-0.647,-1.085,-0.309,-33.916,210.534,-73.435,121,0
50930,-1.515,-0.703,0.909,-87.588,-69.924,21.458,126,0
50984,0.12,-1.944,-1.172,27.244,-250.137,78.318,105,180
51038,0.655,-0.724,-0.458,-5.103,117.252,-102.809,94,169
51093,-1.093,-0.734,0.673,-34.504,162.095,57.183,86,0
51134,-0.311,-1.375,0.006,-33.099,-250.137,149.656,81,0
51192,1.019,-1.142,-0.857,1.09,-180.244,54.144,2,158
51252,0.259,-0.739,0.059,14.168,103.412,-18.237,3,162
51314,-0.908,-1.129,0.494,-3.208,-56.824,65.542,0,167
51375,0.068,-1.423,-0.267,-20.99,-214.458,81.175,3,177
51440,0.4,-1.242,-0.602,65.985,250.13,-37.229,0,180
51491,-1.265,-0.587,0.867,-49.038,116.031,32.206,59,185
51545,-0.528,-0.608,0.533,-53.527,-250.137,39.832,0,86
51599,0.48,-1.084,-0.545,36.962,-58.641,-74.115,0,85
51652,-0.588,-0.914,0.412,-39.668,52.481,22.71,0,84
51706,-0.771,-1.04,0.436,-80.351,-250.137,144.443,0,88
51764,0.645,-1.43,-0.71,-9.855,-127.863,-0.305,0,95
51818,0.461,-0.622,-0.504,49.733,229.924,-59.198,0,99
51872,-1.713,-0.571,1.257,-107.939,110.42,49.817,0,105
51928,-0.904,-1.287,0.091,-91.038,-250.137,84.046,3,114
51984,0.983,-0.786,-0.725,21.206,-74.336,-107.557,2,117
52040,-0.969,-0.701,0.44,-56.68,163.55,-17.316,0,128
52097,-0.608,-1.159,0.524,-36.458,-135.359,92.183,0,134
52153,0.269,-1.372,-0.609,40.198,69.534,-46.595,2,132
52204,-1.048,-0.7,0.733,-62.214,15.969,30.802,0,49
52259,-0.033,-1.345,-0.222,-112.29,-197.962,20.603,0,52
52315,0.219,-0.631,-0.583,70.298,86.55,-77.74,3,59
52368,-0.757,-0.685,0.616,-76.954,23.901,75.71,1,62
52422,0.22,-1.639,-0.63,32.916,-63.718,-29.008,5,12
52474,-0.164,-0.112,0.536,37.143,72.87,55.916,3,56
52530,-0.675,-0.994,0.602,-99.527,-194.237,77.42,0,49
52625,0.022,-0.112,0.318,70.863,168.756,-39.389,2,52
52680,-0.879,-0.955,0.632,-91.038,-151.424,69.252,0,57
52732,0.107,-1.87,-0.493,36.565,-102.969,22.276,1,60
52788,0.092,-0.767,-0.261,78.176,162.908,-36.183,0,56
52844,-1.339,-1.238,1.204,-113.191,12.069,-42.13,0,66
52896,0.531,-1.119,-0.532,23.191,-139.847,14.961,2,56
52953,0.24,-0.039,0.378,98.29,170.42,-17.504,2,60
53005,-1.048,-1.122,0.771,-72.886,65.722,58.985,1,69
53061,0.011,-1.838,-0.281,13.183,-175.962,47.588,0,64
53114,0.239,-0.417,0.146,103.252,129.015,61.167,4,76
53168,-0.467,-0.399,0.769,-76.046,97.786,54.763,0,72
53224,-0.072,-1.635,-0.465,31.58,27.061,-26.099,0,77
53278,-1.038,-0.041,0.973,-0.535,56.084,-43.061,2,97
53332,-0.942,-0.625,0.415,-153.733,-250.137,-31.744,0,76
53386,0.761,-1.659,-0.99,100.45,-59.489,-16.092,1,83
53440,-0.583,0.028,0.311,-83.853,250.13,-19.771,5,25
53488,-1.627,-1.557,0.697,-144.924,-9.917,-0.542,99,86
53542,0.072,-2.0,-0.554,59.107,-139.069,19.689,0,92
53597,0.046,-0.042,-0.155,123.191,150.794,-19.198,0,103
53645,-0.951,-0.621,0.857,-133.244,17.855,-0.902,84,98
53703,-0.272,-1.682,0.155,-52.573,-200.229,8.895,1,107
53758,0.377,-0.907,-0.599,183.527,22.023,-7.545,0,100
53813,-0.305,-0.254,0.378,-57.924,116.954,-4.341,2,103
53868,-0.897,-1.319,0.244,-93.321,-47.206,15.89,4,107
53924,0.244,-1.054,-0.709,173.031,17.473,59.382,0,110
53980,-0.772,-0.375,0.627,-69.58,-12.285,-24.786,0,114
54036,-0.695,-1.411,0.219,-88.779,-158.74,-18.191,3,116
54091,0.229,-1.229,-0.771,159.863,43.817,20.828,3,121
54149,-0.845,-1.117,0.848,-121.214,32.702,-57.817,0,126
54202,-0.024,-1.362,-0.252,-33.611,-73.481,-58.58,0,123
54259,0.098,-0.253,-0.131,168.443,147.458,44.588,0,143
54317,-0.979,-0.83,0.946,-77.931,5.635,16.663,0,145
54375,0.118,-1.758,-0.526,41.634,-120.672,-16.946,0,146
54429,-0.002,-0.051,0.185,87.672,132.802,52.58,0,98
54488,-0.712,-0.595,0.692,-111.901,45.518,49.053,1,156
54542,0.082,-1.54,-0.402,30.321,-103.527,-29.138,0,92
54597,0.146,-0.247,-0.203,101.237,152.718,0.262,0,99
54660,-1.749,-0.758,1.137,-172.664,-127.328,-52.802,0,181
54714,0.512,-2.0,-1.131,102.323,-250.137,41.927,2,88
54769,0.177,-0.642,-0.433,120.847,235.878,27.656,0,92
54824,-1.07,-1.023,0.846,-108.168,235.053,-41.366,184,121
54878,-0.345,-0.997,-0.0,20.756,-66.863,-8.74,177,99
54934,-0.595,-0.531,0.259,67.008,242.121,40.939,1,112
54989,-0.641,-0.588,-0.035,-152.74,-250.137,24.19,4,117
55042,0.337,-1.666,-0.823,53.244,-167.588,-28.435,3,51
55101,0.201,-0.404,-0.349,136.679,166.763,-18.962,0,104
55153,-1.377,-0.539,1.271,-142.687,-61.634,-24.496,2,63
55208,-0.075,-1.505,-0.466,-19.976,-250.137,-17.504,1,37
55261,0.637,-0.895,-0.811,194.008,70.45,23.779,0,48
55317,-0.708,-0.02,0.157,-46.359,250.13,-21.397,3,53
55411,0.264,-1.972,-0.686,90.466,-194.786,28.008,0,42
55467,0.198,-0.698,-0.379,134.466,160.397,-6.338,0,40
55519,-0.833,-0.249,0.656,-78.611,250.13,-36.611,195,47
55571,-1.433,-1.171,0.575,-63.84,-165.962,10.625,193,61
55625,0.194,-1.507,-0.738,114.779,-223.794,75.0,0,31
55683,-0.169,0.047,0.017,-32.603,-17.067,-7.548,0,62
55734,-0.933,-1.066,0.216,-177.42,-160.244,-13.504,0,38
55786,0.431,-1.584,-0.644,75.412,-111.962,31.649,0,47
55841,-0.273,-0.126,0.026,78.886,155.641,19.115,0,114
55894,-1.098,-0.727,0.847,-169.817,-73.71,-27.573,0,48
55950,0.09,-1.697,-0.414,71.734,-179.153,29.824,2,121
56007,0.105,-0.595,-0.457,158.916,105.351,44.298,0,123
56061,-0.913,-0.439,0.781,-114.626,86.962,-15.718,0,82
56118,-0.758,-1.815,-0.15,-64.145,-161.702,-21.511,0,68
56173,0.106,-1.319,-0.546,139.74,106.287,20.364,3,93
56226,-0.277,0.18,0.265,-82.901,87.779,-3.317,0,80
56285,-1.209,-1.408,0.327,-158.389,-144.924,7.154,200,148
56342,0.217,-1.441,-0.757,97.45,-143.817,-15.473,192,151
56400,-0.131,-0.153,-0.088,34.634,121.153,-27.947,189,160
56459,-1.651,-1.228,0.646,-161.519,-147.053,-32.817,185,162
56518,0.326,-1.569,-0.861,56.443,-250.137,52.542,178,190
56581,0.302,-0.478,-0.401,77.809,173.542,29.394,173,192
56638,-1.354,-0.82,0.843,-127.344,18.916,13.7,170,176
56691,-0.424,-1.571,-0.421,16.458,-250.137,21.908,164,94
56750,0.338,-1.091,-0.516,105.679,52.328,-15.126,158,0
56803,-0.762,-0.822,0.359,-94.802,131.901,-2.201,154,97
56855,-0.894,-1.281,0.279,-70.618,-121.817,-47.87,148,101
56907,0.445,-0.782,-0.444,122.183,-56.931,51.0,142,102
56960,0.211,0.046,0.516,-38.916,116.061,19.282,138,108
57015,-1.377,-1.661,0.375,-131.099,-135.664,-21.74,132,104
57064,0.411,-1.628,-0.802,101.397,-147.87,24.481,127,59
57112,-0.02,0.091,0.232,46.504,122.947,21.42,123,62
57161,-1.082,-0.79,0.677,-156.038,-75.611,37.794,120,65
57207,-0.028,-1.596,-0.452,-16.278,-182.061,14.152,115,27
57264,0.456,-0.733,-0.606,152.763,58.031,24.435,112,0
57306,-1.004,-0.48,0.883,-111.29,61.435,-61.398,32,5
57355,-1.134,-1.23,0.312,-100.282,-146.832,-48.443,105,87
57408,0.445,-1.265,-0.855,140.069,-101.733,3.964,124,84
57457,-0.613,0.012,0.223,-51.45,177.084,-30.962,97,92
57506,-1.419,-1.212,0.494,-136.618,-79.55,-27.489,95,98
57558,-0.061,-1.672,-0.581,30.504,-165.771,47.13,0,37
57605,-0.219,-0.62,0.165,44.551,74.985,-18.664,109,37
57651,-0.986,-0.48,0.458,-130.756,-57.489,-42.817,105,36
57703,-0.196,-1.143,-0.339,-45.55,-177.038,8.223,1,40
57758,-0.079,-1.117,-0.579,87.351,17.092,46.332,1,46
57808,-1.03,-0.649,0.32,-140.939,-91.176,-7.276,151,51
57865,-0.439,-1.379,-0.47,-100.069,-250.137,-50.038,0,59
57918,0.382,-0.72,-0.621,96.992,-20.431,-53.74,0,65
57972,-0.588,-0.531,0.043,-86.13,65.618,37.313,0,68
58029,-0.861,-1.073,0.304,-111.573,-87.908,8.645,2,116
58127,-0.726,-0.404,-0.157,54.71,88.435,-23.001,0,95
58182,-1.274,-1.245,0.331,-127.565,-226.099,-22.198,1,92
58237,0.701,-2.0,-1.089,55.771,-146.695,-6.47,0,101
58294,0.163,-0.238,-0.274,97.412,250.13,-16.944,0,107
58349,-2.0,-0.596,1.29,-115.733,-166.313,18.371,89,146
58405,0.009,-1.621,-1.178,-52.13,-250.137,-4.913,0,114
58468,0.694,-0.799,-0.756,92.397,149.275,-8.744,0,118
58526,-1.084,-0.653,0.682,-107.84,210.206,67.214,0,166
58585,-0.748,-1.225,-0.259,-150.953,-135.176,41.916,0,170
58643,0.012,-0.347,-0.055,52.237,43.221,-2.946,0,175
58699,-0.925,-1.075,0.512,-120.328,-96.313,-24.893,0,132
58756,0.289,-1.489,-0.566,60.611,-97.092,-17.969,1,137
58813,-0.778,-0.22,-0.518,48.115,196.305,-28.809,0,139
58872,-1.703,-1.16,0.69,-121.267,-150.672,-16.88,0,140
58931,0.607,-1.628,-0.972,47.092,-127.443,-16.198,0,161
58989,-0.538,-0.955,-0.24,-47.506,250.13,-18.519,0,165
59046,-1.427,-0.783,0.543,-66.145,112.462,-0.551,3,151
59105,0.185,-1.081,-0.586,21.618,-172.084,21.573,0,155
59162,-0.099,-0.6,0.01,-40.099,18.489,8.241,1,154
59219,-0.571,-1.237,-0.014,-74.702,-99.863,-19.969,0,144
59278,0.048,-1.145,-0.525,66.916,-76.662,-19.355,0,171
59339,-1.082,-0.577,0.475,-154.55,-232.863,-22.381,0,175
59399,0.67,-1.773,-1.116,-32.937,-220.863,-17.26,0,181
59458,0.176,-0.44,-0.609,137.878,250.13,-21.145,0,181
59517,-2.0,-1.122,1.034,-85.519,-64.634,-30.282,0,185
59570,0.142,-1.679,-0.798,-54.378,-250.137,-0.296,0,44
59625,0.779,-0.899,-0.928,135.42,127.527,-36.924,1,50
59676,-0.99,-1.035,0.504,-44.168,250.13,8.498,0,49
59731,-0.796,-0.904,0.271,0.164,-94.397,-27.0,0,50
59783,0.384,-0.744,-0.595,107.221,-54.777,32.359,0,41
59837,-0.388,-0.664,0.3,-64.282,92.313,56.542,2,45
59891,-0.698,-1.39,0.245,-66.702,-61.084,39.359,0,32
59944,0.273,-1.085,-0.64,149.053,59.573,34.221,1,58
60000,-0.65,0.024,-0.359,-216.3,195.611,-58.629,5,17
60051,-1.6,-1.268,0.459,-105.29,-207.084,-52.328,0,40
60106,0.489,-1.536,-0.753,119.939,-176.405,15.104,1,39
60157,0.027,0.182,0.011,62.358,216.435,-22.382,2,43
60214,-1.587,-1.438,0.551,-113.237,-15.589,-13.106,0,58
60265,0.034,-1.468,-0.528,119.336,-113.557,25.397,0,51
60320,-0.318,0.021,0.026,-32.649,140.519,0.174,1,59
60377,-1.434,-1.685,0.367,-125.679,-62.595,-31.656,1,58
60430,0.285,-1.437,-0.61,108.336,-95.748,-6.362,0,64
60486,-0.03,0.086,-0.267,44.481,239.344,-9.245,0,73
60539,-1.876,-1.491,0.486,-133.015,-112.557,-39.611,2,67
60597,0.282,-1.398,-0.72,13.924,-250.137,7.335,2,79
60648,0.454,-0.515,-0.439,57.725,113.565,-8.3,0,39
60702,-1.31,-0.672,0.863,-140.443,27.084,-32.033,0,40
60766,0.184,-1.369,-0.416,-46.855,-250.137,-26.41,5,14
60820,0.762,-0.789,-0.697,149.229,180.244,-33.122,0,45
60874,-1.132,-0.144,0.468,9.25,250.13,-19.145,5,52
60972,0.327,-1.741,-0.846,-3.151,-250.137,-15.969,1,46
61026,0.687,-1.166,-0.771,122.611,236.366,-59.015,0,50
61082,-1.071,-0.247,-0.096,34.931,250.13,26.931,0,68
61137,-1.69,-0.909,0.942,-102.176,-208.229,102.046,0,75
61193,0.464,-1.614,-0.927,21.45,-239.947,-88.221,5,61
61249,0.388,-0.926,-0.639,121.855,108.031,-86.74,1,71
61307,-0.864,-0.232,0.386,-96.626,186.603,91.344,1,72
61363,-0.788,-1.294,0.354,-74.756,-81.855,61.435,2,74
61419,0.192,-0.889,-0.302,110.427,78.578,-50.771,1,71
61475,-0.476,-0.368,-0.193,17.947,220.954,-44.702,0,88
61532,-1.816,-1.055,0.564,-112.924,-121.053,-6.732,0,81
61587,0.056,-1.338,-0.449,51.468,-234.595,27.35,2,75
61643,0.294,-0.889,-0.568,75.275,140.878,-49.649,0,78
61702,-1.507,-1.153,0.574,-75.191,181.015,27.015,0,119
61762,-0.728,-1.025,-0.278,-59.031,-250.137,-43.298,0,88
61818,0.503,-0.708,-0.675,40.626,-63.504,-68.748,0,83
61875,-0.981,-0.817,-0.233,-0.928,164.168,-63.067,0,80
61931,-1.418,-1.096,0.307,-127.344,-245.313,31.977,0,79
61986,0.47,-1.188,-0.725,-44.16,-250.137,-17.008,0,73
62043,0.583,-0.751,-0.472,69.664,125.038,-71.931,1,76
62099,-0.943,-0.694,0.294,8.739,211.244,28.422,1,80
62155,-1.183,-1.156,0.284,-79.153,-208.405,43.183,0,85
62213,0.567,-1.177,-0.492,9.094,-176.405,-46.038,2,92
62273,0.211,-1.174,-0.605,99.298,218.809,-104.878,0,94
62331,-1.348,-0.642,0.479,-20.873,197.718,79.901,3,117
62389,-0.981,-1.288,0.335,-101.221,-219.443,67.275,0,103
62447,0.717,-0.758,-0.578,30.786,-127.191,-75.695,2,103
62504,0.207,-0.581,-0.339,86.351,186.053,-40.565,0,107
62564,-1.229,-0.952,0.296,-40.427,124.809,105.443,0,121
62622,-0.733,-0.866,0.462,-107.305,-227.107,78.412,3,125
62682,0.462,-1.039,-0.478,47.527,-69.336,-90.031,0,120
62743,-0.773,-0.414,0.537,-45.924,92.275,-49.811,0,123
62801,-1.217,-0.88,0.21,-96.275,-250.137,50.832,2,119
62860,0.846,-1.197,-0.892,13.611,-121.779,-50.031,1,110
62919,-0.085,-0.446,-0.406,52.092,250.13,-45.122,2,132
62980,-2.0,-0.952,0.836,-96.695,5.663,59.725,1,142
63039,-0.465,-1.394,-0.299,-77.137,-250.137,43.244,2,144
63099,0.36,-1.423,-0.754,37.45,78.252,-51.664,0,148
63161,-0.877,-0.056,0.444,-34.809,209.427,55.478,200,163
63221,-1.145,-1.108,-0.021,-117.359,-250.137,-79.899,0,156
63283,0.519,-1.174,-0.989,36.191,-146.313,-154.008,164,134
63344,-0.033,-0.572,-0.306,42.13,143.55,7.76,0,160
63403,-1.518,-1.176,0.273,-127.962,-140.023,135.0,151,167
63463,0.569,-1.363,-0.61,-16.713,-229.687,-77.863,0,149
63520,0.143,-1.068,-0.605,110.176,98.298,-171.763,137,150
63577,-0.764,-0.059,-0.049,-62.42,166.771,150.779,130,155
63634,-0.997,-1.639,0.627,-107.817,-148.282,104.046,123,171
63691,0.215,-1.655,-0.809,72.687,-78.321,-127.908,117,169
63752,-0.117,-0.244,0.212,75.023,165.557,-32.55,113,173
63810,-1.456,-0.643,0.515,-146.267,-211.511,150.275,114,192
