Timestamp(ms),AccelX(g),AccelY(g),AccelZ(g),GyroX(deg/s),GyroY(deg/s),GyroZ(deg/s),DistanceLeft(cm),DistanceRight(cm)
26832,-0.063,-1.07,0.162,-6.266,9.809,-9.191,96,51
26880,-0.083,-0.97,0.172,-2.67,12.221,-4.391,118,55
26926,-0.076,-1.064,0.174,-6.595,14.336,-15.219,94,51
26972,-0.093,-0.883,0.182,1.294,12.603,0.399,93,57
27017,-0.084,-0.861,0.181,2.235,8.939,3.221,94,58
27063,-0.084,-1.075,0.183,-5.824,5.733,-18.802,93,57
27109,-0.089,-1.011,0.187,-6.42,8.282,-11.007,91,57
27157,-0.099,-0.91,0.199,-7.527,7.832,2.395,90,55
27204,-0.138,-0.999,0.19,-7.275,5.202,-6.259,90,85
27250,-0.139,-0.984,0.199,-7.649,5.878,-5.605,88,59
27296,-0.178,-1.119,0.225,-9.87,-1.365,-4.056,85,80
27343,-0.08,-1.08,0.168,-5.504,6.921,-0.238,83,83
27388,-0.107,-1.098,0.171,-8.115,13.799,11.481,81,57
27436,-0.141,-1.29,0.15,-14.42,6.204,10.296,78,89
27481,-0.207,-1.402,0.016,-17.817,-17.267,-8.958,75,57
27526,-0.111,-0.939,0.093,-10.42,-27.672,14.748,76,60
27574,-0.083,-0.972,0.046,-7.115,-17.168,40.947,76,63
27619,-0.139,-1.046,0.074,4.928,-17.206,47.893,73,67
27669,-0.063,-0.955,0.139,9.366,-32.542,56.527,98,127
27716,-0.06,-1.005,-0.002,14.137,-20.931,59.626,95,72
27763,-0.173,-0.981,0.018,15.008,-17.55,60.061,95,77
27810,-0.069,-0.771,-0.072,18.107,-15.47,60.489,93,81
27858,-0.148,-0.725,0.037,11.626,-7.499,56.374,95,84
27906,-0.11,-0.799,0.098,9.595,-3.657,39.885,89,84
27953,-0.231,-0.906,-0.051,8.076,-16.031,15.473,90,85
28003,-0.172,-1.146,-0.079,-4.202,-21.09,-13.237,89,88
28051,-0.049,-1.087,0.207,10.72,11.563,-33.092,89,89
28098,-0.184,-1.147,0.101,-0.14,7.046,-49.71,82,89
28145,-0.176,-1.257,0.103,-10.626,8.794,-61.504,87,89
28192,-0.256,-1.479,0.212,-15.786,-10.256,-75.901,82,89
28239,-0.211,-1.507,0.149,-14.305,-16.382,-83.977,82,91
28286,-0.01,-0.99,0.155,7.123,16.407,-64.542,82,91
28339,-0.014,-0.661,0.191,-6.144,34.351,-26.038,82,167
28388,-0.089,-0.973,0.098,3.329,49.664,-30.336,84,123
28440,-0.025,-0.808,0.049,16.359,72.511,-19.099,91,112
28488,-0.047,-0.781,0.134,9.235,82.466,8.806,92,105
28538,-0.215,-0.738,0.175,8.008,52.229,-3.071,93,120
28593,-0.201,-0.705,0.194,5.672,16.603,-0.905,94,0
28643,-0.201,-0.809,0.115,-4.359,7.42,-4.272,125,107
28696,-0.064,-0.81,0.162,3.077,11.653,9.452,142,121
28747,-0.134,-1.01,0.162,-6.534,-16.29,8.093,126,115
28800,-0.133,-1.085,0.195,-10.618,-20.649,10.191,137,110
28857,-0.113,-1.127,0.244,-11.198,1.462,15.458,134,165
28909,-0.039,-1.239,0.269,-6.26,-20.809,25.176,133,117
28960,-0.159,-1.539,0.192,-4.889,-23.473,18.13,129,112
29012,-0.168,-1.239,0.083,-10.473,-23.901,3.567,126,122
29069,-0.117,-0.846,0.099,-5.855,-30.366,21.901,122,0
29115,-0.204,-0.868,0.086,3.191,-50.008,23.305,114,31
29161,-0.161,-0.791,-0.032,0.508,-49.656,27.237,118,36
29210,-0.173,-0.727,-0.024,-6.352,-49.275,34.183,164,34
29299,-0.192,-0.816,0.014,-2.181,-45.58,38.397,108,43
29348,0.071,-0.873,0.066,8.278,-49.626,33.229,105,49
29398,-0.182,-0.863,0.016,1.692,-50.038,24.832,152,52
29447,-0.096,-1.01,-0.051,5.017,-32.924,20.153,149,56
29504,-0.048,-0.878,0.03,-0.644,16.823,20.947,147,198
29554,-0.201,-0.925,0.099,-15.489,25.144,11.412,145,63
29612,-0.256,-1.173,0.156,-19.565,-40.542,-2.657,144,0
29669,-0.193,-1.239,0.157,-14.313,-48.885,-30.901,136,0
29725,-0.176,-1.419,0.176,-16.26,-34.809,-51.595,133,0
29774,-0.186,-1.336,0.104,7.71,-24.685,-64.015,111,34
29821,-0.074,-0.618,0.162,15.427,-8.552,-29.901,131,35
29878,-0.173,-0.756,0.168,7.539,5.817,13.998,122,0
29926,-0.192,-0.98,0.184,13.977,-19.901,25.189,136,35
29973,-0.041,-0.882,-0.1,19.794,1.304,25.084,130,35
30022,-0.141,-0.798,0.103,1.465,32.725,37.099,132,83
30070,-0.264,-0.798,0.188,4.843,8.282,41.038,134,40
30117,-0.302,-0.747,0.239,0.555,-38.069,29.74,132,41
30166,-0.221,-0.859,0.15,-7.183,-67.595,37.716,145,42
30217,-0.142,-0.909,0.118,-4.084,-62.252,-3.818,124,40
30264,-0.012,-0.915,0.108,-7.771,-44.626,-9.076,124,43
30311,-0.186,-0.9,0.155,-10.481,-31.656,-12.943,120,41
30357,-0.219,-0.625,0.179,-15.817,-35.534,19.442,113,47
30404,-0.25,-1.122,0.189,-19.55,-42.137,-9.084,114,48
30451,-0.232,-1.231,0.152,-19.29,-37.557,-10.595,113,47
30498,-0.311,-1.341,0.217,-26.046,-34.725,3.488,108,50
30544,-0.347,-1.339,0.152,-27.718,-54.969,14.26,93,53
30592,-0.208,-0.87,0.099,-14.985,-71.305,37.611,110,54
30643,-0.254,-0.871,0.111,-13.107,-72.58,51.809,108,58
30691,-0.22,-0.956,-0.033,-7.221,-75.229,40.221,120,62
30739,-0.186,-0.886,-0.037,-6.489,-76.992,40.962,118,59
30787,-0.214,-0.808,-0.04,-7.26,-67.023,37.366,116,63
30835,-0.206,-0.8,0.045,3.469,-61.099,31.588,113,68
30882,-0.22,-0.807,-0.015,4.194,-66.389,25.397,110,62
30930,-0.216,-0.858,0.016,-8.71,-69.298,19.672,106,71
30979,-0.086,-0.901,-0.065,-5.527,-58.763,16.901,122,53
31029,-0.023,-0.817,-0.022,9.461,-18.298,14.206,101,62
31077,-0.236,-0.973,0.05,-14.466,-24.315,3.345,97,70
31124,-0.321,-1.168,0.159,-21.42,-30.908,-26.078,28,25
31171,-0.235,-1.011,0.128,-24.718,-49.672,-10.74,91,69
31221,-0.271,-1.258,0.202,-25.779,-46.924,-19.168,110,90
31269,-0.337,-1.453,0.27,-28.267,-71.802,-26.725,107,79
31319,-0.212,-1.686,0.125,-20.656,-85.359,-31.313,104,81
31367,-0.04,-1.171,0.113,-3.697,-44.885,-21.153,103,83
31418,0.069,-0.595,0.101,15.053,7.099,24.351,94,84
31466,-0.115,-0.834,0.16,18.16,25.626,39.626,91,85
31515,-0.106,-0.98,0.009,34.42,12.015,30.771,99,88
31564,-0.082,-0.797,0.077,34.237,15.687,30.466,107,91
31613,-0.048,-0.752,0.047,20.916,38.58,26.137,107,95
31663,-0.158,-0.736,0.137,18.947,53.069,15.824,106,93
31713,-0.168,-0.676,0.169,8.267,40.115,-27.108,106,100
31806,-0.259,-0.873,0.171,-6.069,18.176,-32.687,106,104
31855,-0.258,-0.962,0.162,-13.496,5.794,-49.336,106,96
31908,-0.338,-0.911,0.252,-22.878,4.226,-59.947,92,101
31956,-0.314,-1.095,0.245,-25.672,-24.969,-57.13,89,97
32006,-0.253,-1.128,0.246,-21.702,-19.336,-43.412,89,97
32055,-0.238,-1.215,0.267,-22.458,-24.071,-15.58,86,116
32104,-0.368,-1.487,0.282,-10.763,-7.149,-11.09,87,102
32153,-0.337,-1.343,0.183,-8.258,-21.328,-15.722,78,114
32202,-0.061,-0.713,0.076,10.015,6.84,30.221,82,119
32252,-0.307,-0.894,0.102,6.641,28.557,45.427,81,118
32304,-0.376,-0.92,0.109,11.992,-21.191,34.458,95,140
32358,-0.207,-0.705,0.112,-2.929,-43.817,37.924,91,131
32409,-0.183,-0.712,0.038,-1.067,-51.496,43.832,90,144
32462,-0.241,-0.789,0.051,1.967,-59.695,45.603,108,157
32516,-0.301,-1.069,0.023,-2.002,-79.13,26.779,87,167
32569,-0.174,-1.009,-0.043,6.109,-71.359,11.733,83,170
32621,-0.149,-0.986,-0.022,-1.178,-42.038,13.679,82,172
32675,-0.25,-1.101,-0.056,-7.405,-43.457,18.504,93,180
32729,-0.237,-1.141,0.171,-16.069,3.887,16.107,91,178
32788,-0.219,-1.238,0.107,-6.015,-14.841,-10.549,94,0
32836,-0.262,-1.44,0.25,-6.916,17.908,-14.87,107,67
32889,-0.188,-1.381,0.158,7.626,24.641,-30.794,86,185
32945,-0.086,-0.621,0.209,15.878,43.427,-14.45,104,184
32999,-0.229,-0.784,0.301,3.77,37.832,-2.561,104,182
33047,-0.075,-0.938,0.101,27.656,30.412,16.611,104,72
33101,-0.139,-0.697,0.167,22.573,67.763,16.962,105,70
33149,-0.231,-0.75,0.167,15.824,63.748,5.094,110,72
33197,-0.278,-0.731,0.217,20.046,40.061,-15.794,109,72
33251,-0.259,-0.748,0.153,12.099,16.794,-42.435,110,149
33303,-0.257,-0.894,0.107,7.405,14.687,-68.573,108,150
33356,-0.269,-0.936,0.135,2.875,18.237,-83.084,89,181
33409,-0.212,-0.958,0.122,-4.519,21.122,-72.397,88,176
33460,-0.293,-0.987,0.233,-12.977,26.87,-60.962,82,155
33512,-0.272,-1.17,0.251,-14.855,14.153,-45.756,81,180
33562,-0.336,-1.278,0.334,-20.336,2.128,-29.519,79,150
33614,-0.37,-1.389,0.321,-29.824,-36.221,-17.977,78,183
33669,-0.221,-1.144,0.166,-14.55,-65.87,-22.541,75,158
33721,-0.151,-0.757,0.138,-4.926,-47.771,34.29,73,188
33773,-0.192,-1.012,0.079,7.119,-31.588,49.382,71,189
33827,-0.105,-0.911,0.061,22.015,-8.797,71.275,91,199
33881,-0.205,-0.748,0.027,13.023,8.092,90.534,86,0
33935,-0.205,-0.754,0.062,13.916,4.823,100.886,85,0
33989,-0.249,-0.79,0.086,9.519,-9.103,96.985,103,0
34043,-0.177,-1.163,-0.045,7.443,-28.45,72.321,98,0
34098,-0.102,-0.89,-0.003,6.015,4.357,41.282,94,0
34155,-0.177,-0.95,-0.03,-1.523,4.997,9.319,92,0
34208,-0.274,-1.013,0.101,-13.908,-5.27,-22.221,89,199
34263,-0.245,-1.223,0.091,-16.504,-11.845,-47.489,87,0
34317,-0.316,-1.379,0.181,-18.901,-1.955,-66.489,86,0
34370,-0.345,-1.514,0.213,-25.046,-27.771,-66.321,86,0
34467,-0.073,-0.808,0.107,4.87,7.42,-54.885,89,0
34522,-0.221,-0.654,0.283,-8.586,35.099,-17.611,89,0
34576,-0.214,-0.862,0.17,16.412,21.351,8.547,90,0
34629,-0.059,-0.831,-0.031,28.641,41.099,3.132,91,0
34686,-0.148,-0.601,0.108,28.267,102.107,13.165,94,0
34741,-0.305,-0.673,0.168,22.969,74.42,0.797,90,0
34795,-0.324,-0.777,0.208,16.237,24.595,-44.283,90,0
34848,-0.185,-1.104,-0.181,10.305,11.397,-26.809,88,0
34903,-0.233,-0.961,0.138,2.242,27.092,-37.817,85,0
34957,-0.263,-1.101,0.184,-8.061,14.443,-40.817,84,0
35010,-0.302,-1.103,0.255,-13.939,2.654,-36.267,82,0
35063,-0.202,-1.23,0.19,-18.038,-26.798,-26.153,81,0
35118,-0.287,-1.428,0.198,-24.74,-33.387,-19.168,78,0
35174,-0.325,-1.271,0.168,-17.038,-31.046,-21.878,76,0
35227,-0.21,-0.734,0.158,-9.504,-51.397,-11.732,73,0
35279,-0.274,-1.099,-0.009,-11.624,-61.023,30.099,70,0
35334,-0.14,-0.899,0.069,15.74,-71.237,53.031,91,0
35388,-0.161,-0.866,-0.033,8.771,-43.153,79.023,87,0
35442,-0.207,-0.837,0.105,8.237,-40.206,90.611,86,0
35493,-0.175,-0.773,0.011,9.695,-51.496,90.534,0,38
35557,-0.178,-0.87,-0.015,6.607,-46.672,79.45,0,0
35607,-0.215,-1.076,-0.071,0.459,-37.069,41.489,0,0
35653,-0.174,-1.004,-0.032,-4.698,-16.244,11.588,0,199
35715,-0.177,-0.998,-0.018,-9.832,-3.519,-13.176,0,0
35761,-0.237,-1.158,0.102,-19.504,-2.067,-31.534,0,0
35808,-0.207,-1.294,0.283,-23.008,8.843,-44.931,0,0
35848,-0.284,-1.456,0.172,-24.786,0.498,-62.977,93,0
35902,-0.33,-1.504,0.198,-25.962,-23.206,-82.374,93,0
35949,-0.047,-1.298,0.115,-14.214,-18.13,-83.992,93,64
36003,-0.048,-0.629,0.165,-6.425,30.939,-50.634,90,0
36052,-0.248,-0.824,0.259,-6.099,25.763,-19.097,95,59
36100,-0.095,-0.876,0.159,14.71,18.198,18.359,96,62
36154,0.023,-0.769,0.041,17.611,47.779,44.466,96,0
36214,-0.033,-0.718,0.062,24.672,91.962,37.611,0,0
36275,-0.173,-0.671,0.172,37.107,86.344,12.931,0,0
36336,-0.203,-0.859,0.126,24.122,44.595,-10.954,0,0
36397,-0.184,-1.046,0.039,7.626,20.832,-27.863,0,0
36457,-0.213,-1.101,0.119,-6.252,23.382,-41.321,0,0
36515,-0.233,-1.205,0.163,-14.237,20.771,-48.229,157,0
36577,-0.174,-1.218,-0.159,-11.427,22.908,-57.298,156,0
36629,-0.302,-1.394,0.223,-20.183,37.084,-62.069,66,0
36683,-0.361,-1.45,0.208,-21.305,26.252,-59.878,73,0
36741,-0.129,-0.745,0.132,-5.195,-24.496,-18.695,151,0
36799,-0.328,-0.896,0.181,-7.496,-50.588,20.282,148,0
36856,-0.201,-0.863,0.023,8.985,-110.145,54.115,144,0
36914,-0.015,-0.879,-0.13,12.58,-60.786,78.153,143,0
36974,-0.078,-0.888,-0.061,16.725,-29.45,80.672,0,0
37036,-0.231,-0.858,0.02,17.458,-40.802,69.015,0,0
37086,-0.071,-0.877,-0.101,12.298,-43.023,57.573,0,0
37146,-0.087,-0.92,-0.039,15.905,-36.748,49.939,0,0
37250,-0.09,-0.996,-0.034,-6.374,1.978,31.107,0,0
37297,-0.215,-1.106,-0.031,-17.855,-35.356,12.611,0,0
37344,-0.281,-1.241,0.141,-23.107,-23.008,-13.29,0,0
37391,-0.287,-1.325,0.194,-23.389,-43.137,-41.55,0,0
37438,-0.245,-1.565,0.126,-22.534,-52.55,-65.015,0,0
37484,-0.092,-1.291,0.088,-9.435,-21.145,-72.817,188,0
37544,-0.015,-0.697,0.156,9.892,12.466,-39.031,0,0
37595,-0.13,-0.854,0.144,2.544,29.527,9.121,0,0
37642,-0.107,-0.941,0.136,14.863,29.786,17.824,0,0
37689,-0.056,-0.873,0.095,21.122,50.885,25.679,0,0
37735,-0.152,-0.767,0.166,15.969,61.817,22.023,0,0
37782,-0.186,-0.76,0.183,16.374,41.924,47.818,0,0
37829,-0.171,-0.781,0.18,17.847,24.878,-11.176,0,0
37876,-0.105,-0.842,0.08,14.977,24.504,-27.511,0,0
37923,-0.155,-0.897,0.035,14.977,45.87,-36.641,0,0
37984,-0.243,-0.917,0.163,14.103,41.802,-46.74,0,0
38047,-0.026,-0.924,0.098,10.255,21.122,-54.527,188,0
38108,-0.217,-1.07,0.124,-12.366,29.206,-46.779,187,0
38167,-0.207,-1.283,0.156,-19.763,38.42,-35.382,187,0
38223,-0.287,-1.575,0.152,-30.298,9.908,-36.977,107,0
38279,-0.104,-1.081,0.147,-21.122,41.743,-22.588,105,0
38334,-0.191,-0.737,0.154,-13.718,6.351,18.099,102,0
38389,-0.294,-0.902,0.115,-6.763,-41.863,29.992,99,0
38445,-0.135,-0.779,-0.032,-4.371,-42.221,39.427,98,0
38505,-0.17,-0.778,-0.034,-9.454,-32.519,51.412,0,0
38564,-0.227,-0.836,0.063,9.203,-56.084,58.58,0,0
38611,-0.105,-0.914,-0.113,5.74,-52.191,57.214,0,0
38672,-0.197,-0.864,-0.037,9.17,-45.557,51.198,0,0
38719,-0.097,-1.071,-0.125,9.618,-40.214,39.13,0,0
38766,-0.186,-1.002,-0.021,0.652,-23.733,30.855,0,0
38813,-0.207,-1.045,-0.014,-6.153,-30.214,18.519,0,0
38860,-0.23,-1.015,0.024,-7.13,-25.076,-6.14,0,0
38907,-0.136,-0.963,0.027,-3.942,-31.313,-7.586,0,0
38960,-0.095,-0.989,0.119,5.078,-3.005,-19.611,0,42
39014,-0.194,-1.31,0.054,2.245,0.727,-36.786,0,63
39067,-0.181,-0.804,0.159,5.737,13.16,-42.985,0,66
39129,-0.278,-0.89,0.227,-0.086,-14.005,-33.626,0,0
39176,-0.234,-0.988,0.16,13.748,-51.366,-29.282,0,0
39236,-0.075,-1.008,-0.102,19.092,-42.893,-20.702,0,0
39284,-0.025,-0.932,0.114,10.832,6.092,14.951,0,0
39322,-0.095,-1.031,0.121,2.82,24.603,18.71,0,41
39374,-0.112,-0.997,0.13,6.686,24.802,23.191,0,48
39427,-0.113,-0.829,0.175,-9.95,20.71,23.779,0,45
39482,-0.178,-0.863,0.165,-11.679,18.809,11.794,0,50
39534,-0.207,-0.903,0.251,-20.122,0.31,-9.351,0,45
39586,-0.141,-1.089,0.154,-23.0,-6.933,-25.366,0,46
39640,-0.219,-1.125,0.109,-21.718,-5.535,-30.939,0,43
39692,-0.098,-0.88,0.116,-12.985,0.053,-10.176,0,48
39744,-0.15,-0.968,0.049,-13.214,0.165,-6.174,0,45
39796,-0.094,-1.149,-0.029,-9.298,10.947,-5.946,0,43
39891,-0.139,-0.994,0.043,-12.153,-8.376,4.139,0,46
39948,-0.156,-1.045,-0.014,-11.008,-16.169,-2.752,0,46
40005,-0.105,-0.797,0.2,-9.725,23.761,5.318,0,53
40057,-0.164,-1.021,0.004,-10.695,-14.095,-0.15,0,48
40109,-0.1,-0.93,-0.014,-7.45,-16.557,8.044,0,50
40160,-0.097,-1.055,-0.048,-7.305,-19.103,-0.769,0,45
40211,-0.179,-1.115,-0.02,-6.361,-22.961,-3.25,0,45
40262,-0.098,-0.951,-0.023,-0.945,-1.304,-0.085,0,48
40314,-0.088,-1.08,-0.047,-5.905,-14.015,-2.753,0,46
40366,-0.054,-1.103,-0.057,-9.032,9.244,-1.763,0,44
40420,-0.226,-1.114,-0.008,-6.996,7.962,-4.666,0,45
40471,0.026,-0.879,0.043,5.117,7.764,0.776,0,51
40522,-0.111,-1.056,-0.023,-0.13,0.074,-4.374,0,45
40573,-0.102,-0.983,0.021,5.651,4.242,2.91,0,47
40625,-0.127,-0.982,-0.022,5.739,1.069,3.079,0,46
40677,-0.099,-0.982,-0.048,3.406,-1.13,2.855,0,47
40728,-0.12,-0.987,-0.033,2.514,2.278,2.24,0,47
40779,-0.115,-1.04,-0.029,-2.343,-5.565,-1.148,0,44
40830,-0.114,-1.051,-0.025,-1.452,-1.938,-0.905,0,45
40885,-0.137,-1.03,-0.026,-1.53,-2.28,-1.372,0,44
40936,-0.115,-0.933,-0.018,0.966,5.758,3.527,0,47
40987,-0.096,-1.046,-0.046,-0.131,3.269,0.593,0,44
41038,-0.144,-1.099,-0.106,-0.893,6.496,-0.019,0,41
41091,-0.149,-1.09,-0.028,-0.691,-5.195,-1.498,0,42
41142,-0.099,-1.134,-0.034,-0.903,-4.606,-2.766,0,41
41193,-0.125,-1.005,-0.007,0.581,7.176,1.384,0,46
41244,-0.202,-1.077,-0.021,-0.795,-2.909,-3.582,0,44
41305,-0.175,-1.048,-0.023,-0.027,1.343,0.36,0,0
41365,-0.099,-0.975,0.036,2.113,1.334,1.847,0,0
41427,-0.212,-1.073,-0.084,-0.027,-5.011,-1.374,0,0
41488,-0.1,-0.89,-0.037,1.776,1.625,3.41,0,0
41539,-0.111,-0.966,-0.018,0.065,0.815,1.185,0,49
41591,-0.115,-0.954,-0.022,-0.058,3.358,2.424,0,52
41644,-0.112,-0.984,-0.004,0.082,0.395,1.499,0,50
41695,0.006,-0.869,-0.021,3.238,6.475,5.684,0,56
41747,-0.076,-0.958,-0.037,0.459,1.634,2.14,0,52
41798,-0.087,-0.954,0.004,-0.212,5.778,3.176,0,54
41850,-0.091,-0.965,-0.024,0.255,1.122,1.065,0,53
41914,-0.047,-0.912,0.045,1.087,4.377,3.302,0,0
41973,-0.113,-0.983,-0.02,0.31,1.177,1.78,0,0
42034,-0.135,-1.015,-0.028,0.325,2.053,0.834,0,0
42094,-0.219,-1.101,-0.031,-1.484,-2.912,-1.319,0,0
42155,0.054,-0.825,-0.036,1.555,4.475,2.056,0,0
42215,-0.071,-0.952,-0.037,0.418,1.064,0.061,0,0
42275,-0.031,-0.901,0.089,0.735,0.72,1.187,0,0
42336,-0.078,-0.957,-0.031,0.451,0.008,-0.452,0,0
42396,-0.131,-1.004,-0.039,0.269,-2.183,0.034,0,0
42460,-0.054,-0.929,-0.02,0.375,0.272,1.534,0,0
42520,-0.108,-0.899,-0.037,1.871,2.675,2.033,0,0
42580,-0.079,-0.964,-0.024,0.807,-1.197,0.996,0,0
42684,-0.114,-1.045,-0.042,0.69,0.959,0.444,0,0
42744,-0.185,-1.071,-0.033,-0.488,-1.859,-0.71,0,0
42805,-0.179,-1.037,-0.021,-0.577,-1.181,-0.965,0,0
42865,-0.277,-1.153,-0.036,-1.291,-7.363,-1.7,0,0
42926,-0.102,-0.994,-0.044,0.63,-1.979,0.973,0,0
42986,-0.141,-0.997,-0.014,-0.287,3.735,1.377,0,0
43049,-0.171,-1.06,-0.039,-0.208,-3.391,-2.216,0,0
43110,-0.128,-1.021,-0.033,-0.249,-3.567,-0.238,0,0
43170,-0.19,-1.076,-0.016,-0.794,-6.257,-1.346,0,0
43231,-0.108,-1.0,-0.035,1.246,-0.469,0.688,0,0
43292,-0.113,-0.982,-0.034,0.424,-0.791,-0.313,0,0
43353,-0.161,-1.065,-0.028,-1.633,-2.276,-1.643,0,0
43405,-0.115,-1.085,-0.019,-1.265,-4.309,-0.991,0,49
43456,-0.079,-0.9,-0.065,3.21,4.15,3.629,0,57
43508,-0.138,-0.926,0.018,0.329,5.383,2.415,0,54
43564,-0.108,-1.087,-0.05,-1.649,-7.913,-2.969,0,47
43616,-0.175,-1.071,-0.014,-1.994,-6.061,-0.325,0,48
43668,-0.107,-1.075,-0.024,-0.577,-8.119,-0.436,0,47
43720,-0.099,-1.199,-0.037,-2.78,-9.881,-2.086,5,15
43772,-0.116,-0.992,-0.016,0.267,3.396,-0.058,0,51
43824,-0.121,-1.006,-0.038,0.497,-1.974,-0.199,0,50
43876,-0.258,-1.128,-0.144,-1.829,-7.774,-1.195,0,45
43928,-0.104,-1.126,-0.032,-0.816,-6.316,-1.008,0,46
43980,-0.112,-0.925,-0.04,0.89,0.793,2.066,0,53
44036,-0.111,-0.927,-0.034,0.714,1.109,1.353,0,52
44088,-0.108,-1.102,-0.043,-0.935,-3.4,-0.903,0,47
44140,-0.138,-1.019,-0.036,-1.254,0.801,0.047,0,49
44192,-0.109,-0.92,-0.046,1.493,1.507,1.117,0,53
44244,-0.173,-1.036,-0.015,-1.328,-0.863,-0.004,0,49
44296,-0.113,-1.021,-0.024,-0.106,-3.198,0.167,0,49
44348,-0.149,-1.045,-0.036,-1.107,-5.049,-0.008,0,49
44400,-0.112,-1.0,-0.023,0.422,-0.487,1.136,0,50
44452,-0.105,-0.979,-0.035,0.649,-0.653,0.941,0,51
44505,-0.236,-1.126,-0.022,-2.05,-4.956,-1.451,0,46
44555,-0.115,-1.021,-0.029,0.157,-2.299,0.27,0,49
44607,-0.104,-1.036,-0.041,-0.189,-4.251,-0.332,0,49
44659,-0.1,-0.876,-0.026,1.247,7.849,2.69,0,54
44711,-0.164,-1.044,-0.029,0.1,-0.151,-0.283,0,49
44764,-0.111,-0.995,-0.031,-0.411,-1.552,0.059,0,50
44816,-0.1,-0.983,-0.026,0.162,-0.331,0.551,0,51
44868,-0.27,-1.158,-0.029,-2.005,-7.707,-1.24,5,15
44920,-0.133,-1.017,-0.038,0.323,-0.965,0.678,0,49
44973,0.013,-0.878,-0.035,1.21,2.623,2.187,0,55
45028,-0.18,-1.07,-0.027,-0.637,-2.571,-0.469,0,48
45080,-0.11,-1.067,-0.04,-1.124,-4.851,-0.579,0,48
45132,-0.115,-1.157,-0.03,-1.388,-3.749,-0.695,0,45
45185,-0.162,-1.047,-0.034,-0.286,-3.539,-0.678,0,49
45237,-0.11,-1.06,-0.037,-0.98,-3.175,-0.686,0,48
45289,-0.111,-0.981,-0.031,0.064,-0.162,1.038,0,51
45341,-0.115,-0.952,-0.025,0.432,-1.06,1.429,0,52
45436,-0.023,-0.899,-0.029,0.396,4.544,1.465,0,53
45490,-0.111,-1.07,-0.042,-1.82,-2.448,-2.261,0,48
45545,-0.164,-1.05,-0.027,-1.363,-2.485,-1.892,0,47
45597,-0.11,-0.968,-0.031,0.732,1.701,0.256,0,51
45649,-0.161,-1.052,-0.037,-0.41,-1.944,-1.157,0,49
45703,-0.132,-1.01,-0.033,-0.491,-0.236,-0.052,0,51
45755,-0.113,-1.048,-0.04,-0.562,-2.739,0.021,0,48
45807,-0.111,-0.973,-0.032,-0.434,-2.505,0.722,0,50
45859,-0.1,-1.024,-0.044,-0.768,-1.123,-0.022,0,49
45912,-0.037,-0.923,-0.032,0.614,1.236,0.63,0,52
45964,-0.105,-0.974,-0.035,-0.662,-4.06,0.752,0,51
46020,-0.094,-0.899,-0.05,1.247,4.876,1.874,0,56
46072,-0.103,-0.972,-0.039,0.3,2.88,0.717,0,53
46125,-0.119,-1.0,-0.032,-0.223,0.002,-0.511,0,51
46186,-0.113,-1.018,-0.039,-0.323,-4.077,-0.407,0,0
46247,-0.107,-0.931,-0.037,0.317,1.08,2.503,0,0
46308,-0.087,-0.982,-0.046,0.817,2.598,2.004,0,0
46369,-0.106,-1.013,-0.045,0.692,2.456,-0.909,0,0
46430,-0.115,-0.846,-0.041,2.529,3.633,3.136,0,0
46491,-0.11,-1.046,-0.035,-0.66,-2.388,-0.163,0,0
46556,-0.103,-0.938,-0.034,1.527,0.745,2.224,0,0
46616,-0.103,-1.022,-0.056,-0.161,-0.022,-0.363,0,0
46678,-0.082,-0.962,-0.02,0.212,2.749,0.888,0,0
46739,-0.108,-1.018,-0.033,0.857,-1.907,1.103,0,0
46799,-0.102,-0.994,-0.052,-0.003,-0.984,0.803,0,0
46861,-0.116,-0.994,-0.023,-0.333,1.579,-0.069,0,0
46922,-0.097,-0.848,-0.051,2.893,1.715,3.188,0,0
46983,-0.103,-1.073,-0.037,-1.62,-2.186,-0.277,0,0
47044,-0.106,-0.986,-0.047,-0.622,-1.337,-0.335,0,0
47113,-0.063,-0.951,-0.033,0.34,1.709,1.318,0,0
47173,-0.091,-0.968,-0.045,0.349,-1.958,0.552,0,0
47234,-0.109,-1.003,-0.041,-0.263,-1.361,-0.424,0,0
47293,-0.104,-1.0,-0.039,-0.317,-2.557,-0.225,0,0
47353,-0.089,-1.053,-0.06,-0.11,-3.338,0.028,0,0
47405,-0.122,-1.026,-0.031,-0.699,-4.529,0.004,0,51
47457,-0.085,-1.148,-0.051,-2.357,-7.966,-1.408,0,44
47508,-0.098,-1.126,-0.052,-2.02,-5.436,-1.028,0,46
47559,-0.104,-1.124,-0.036,-1.945,-4.596,-1.769,0,44
47614,-0.105,-1.06,-0.051,-0.402,-1.478,0.004,0,49
47666,-0.111,-1.029,-0.034,-0.317,-2.905,0.309,0,45
47717,-0.101,-0.995,-0.043,0.177,-0.699,1.095,0,50
47768,-0.107,-1.053,-0.042,0.096,-1.799,-0.288,0,45
47819,-0.101,-0.949,-0.039,0.34,-1.409,0.483,0,50
47872,-0.099,-1.081,-0.054,-0.117,-3.026,-0.208,0,47
47923,-0.103,-1.042,-0.044,-0.552,-4.959,-0.423,0,46
47974,-0.086,-1.084,-0.048,-1.437,-3.308,-0.189,0,42
48025,-0.102,-0.955,-0.052,2.026,1.386,1.602,0,47
48079,-0.103,-1.042,-0.042,-1.009,-3.137,-0.61,0,44
48132,-0.094,-1.069,-0.039,-0.495,-1.041,0.508,0,43
48183,-0.109,-1.069,-0.038,-0.678,-4.877,-0.491,0,43
48277,-0.103,-0.962,-0.041,0.62,0.981,1.473,0,47
48328,-0.108,-0.954,-0.033,0.548,-0.119,1.17,0,47
48379,-0.1,-0.949,-0.043,1.14,-0.414,2.028,0,47
48432,-0.099,-0.953,-0.054,0.399,-1.031,1.188,0,47
48483,-0.098,-0.965,-0.056,1.402,2.005,2.056,0,46
48534,-0.11,-0.99,-0.035,0.319,-1.466,0.511,0,46
48588,-0.105,-1.02,-0.044,0.232,-2.956,0.665,0,44
48640,-0.094,-1.1,-0.053,-0.697,-4.832,-0.725,0,41
48692,-0.102,-1.095,-0.043,-0.627,-2.407,-0.689,0,51
48752,-0.099,-1.087,-0.053,-0.514,-2.331,-0.77,0,0
48813,-0.109,-0.949,-0.048,0.79,-1.188,1.927,0,0
48873,-0.106,-1.004,-0.045,-0.352,-1.333,0.321,0,0
48933,-0.102,-1.008,-0.043,-0.265,-0.222,0.52,0,0
48994,-0.112,-0.948,-0.06,0.919,0.369,1.341,0,0
49053,-0.112,-1.033,-0.039,-0.733,0.356,0.709,0,0
49117,-0.116,-1.097,-0.053,-0.199,-6.821,-1.158,0,0
49177,-0.102,-0.943,-0.053,0.099,-2.157,2.353,0,0
49238,-0.093,-1.024,-0.055,-0.601,0.237,0.845,0,0
49298,-0.116,-1.058,-0.026,-0.119,-2.907,-0.137,0,0
49358,-0.107,-0.885,-0.062,1.705,1.769,3.396,0,0
49419,-0.107,-1.004,-0.042,0.289,0.767,0.47,0,0
49471,-0.109,-1.017,-0.04,-0.456,-2.052,-0.382,0,52
49522,-0.102,-0.989,-0.044,1.054,3.122,1.707,0,52
49574,-0.117,-0.972,-0.044,0.917,-0.47,0.7,0,52
49627,-0.091,-0.937,-0.051,1.694,4.658,2.043,0,52
49681,-0.13,-1.057,-0.045,-0.344,-1.658,0.399,0,48
49733,-0.111,-1.007,-0.042,-0.23,-1.439,0.611,0,50
49785,-0.114,-0.955,-0.034,0.843,-0.272,1.742,0,52
49837,-0.096,-0.974,-0.06,0.756,0.631,1.22,0,51
49889,-0.154,-1.036,-0.036,0.269,-0.001,0.589,0,49
49941,-0.102,-0.939,-0.052,1.619,0.349,1.599,0,53
49992,-0.11,-1.078,-0.031,-1.495,-1.051,-0.508,0,47
50044,-0.109,-1.027,-0.052,0.108,-2.962,0.179,0,49
50097,-0.0,-0.886,-0.042,1.065,4.226,1.991,0,54
50151,-0.126,-1.009,-0.041,0.347,-2.809,0.704,0,50
50203,-0.114,-0.986,-0.042,0.095,-2.44,1.408,0,51
50255,-0.102,-1.041,-0.035,0.079,-3.839,0.626,0,49
50308,-0.109,-1.043,-0.056,0.03,-3.766,-0.414,0,49
50359,-0.11,-0.968,-0.038,0.082,-0.517,0.776,0,51
50411,-0.099,-1.023,-0.048,-0.072,-1.342,0.803,0,49
50463,-0.115,-0.939,-0.037,0.6,1.615,2.235,0,52
50515,-0.114,-1.082,-0.037,-0.92,-4.169,-0.979,0,47
50568,-0.111,-0.983,-0.038,0.6,0.574,1.157,0,51
50622,-0.029,-0.928,-0.049,1.314,0.563,1.87,0,53
50674,-0.113,-1.059,-0.033,-0.184,-3.34,-0.226,0,48
50726,-0.111,-0.95,-0.045,1.7,1.312,2.126,0,52
50779,-0.187,-1.075,-0.033,-0.366,-2.355,-0.295,0,49
50831,-0.11,-0.849,-0.05,2.826,4.345,3.867,0,55
50882,-0.171,-1.055,-0.048,-0.344,-2.432,-0.223,0,48
50934,-0.088,-0.975,-0.034,0.409,0.636,1.704,0,51
51030,-0.11,-0.859,-0.036,1.081,0.405,3.026,0,55
51082,-0.105,-0.944,-0.046,1.548,1.709,2.39,0,54
51137,-0.067,-0.954,-0.041,0.731,1.346,1.437,0,52
51189,-0.097,-0.979,-0.042,1.154,1.795,1.111,0,51
51241,-0.182,-1.052,-0.042,-0.459,-4.46,-0.497,0,48
51294,-0.102,-1.13,-0.05,-1.66,-3.11,-1.008,0,45
51346,-0.176,-1.056,-0.032,0.71,-3.52,0.225,0,48
51398,-0.113,-1.003,-0.043,0.075,-0.448,0.359,0,50
51450,-0.127,-1.001,-0.038,0.477,-1.3,0.902,0,51
51503,-0.045,-0.934,-0.047,0.615,-2.07,1.529,0,55
51563,-0.105,-0.926,-0.045,1.895,3.132,2.67,0,0
51627,-0.115,-1.077,-0.046,-0.305,-3.611,-0.669,0,0
51688,-0.163,-1.126,-0.037,-1.373,-2.642,-1.553,0,0
51748,-0.132,-1.008,-0.027,-0.242,-2.454,0.544,0,0
51809,-0.096,-0.952,-0.048,1.362,-0.276,2.452,0,0
51870,-0.122,-1.008,-0.029,0.415,0.155,1.056,0,0
51931,-0.136,-1.029,-0.034,-0.229,0.698,-0.321,0,0
51991,-0.115,-0.972,-0.036,1.456,0.148,1.525,0,0
52052,-0.12,-1.007,-0.035,-0.084,-3.075,0.739,0,0
52113,-0.114,-1.132,-0.038,-1.623,-1.977,-1.254,0,0
52177,-0.133,-1.025,-0.043,0.678,-1.079,0.245,0,0
52238,-0.099,-0.984,-0.037,1.132,0.651,1.278,0,0
52298,-0.109,-0.984,-0.039,0.337,-0.287,0.216,0,0
52360,-0.116,-0.987,-0.029,0.176,-1.227,1.476,0,0
52420,-0.046,-0.929,-0.031,1.01,0.923,1.983,0,0
52482,-0.206,-1.075,-0.026,-0.356,-2.835,-0.636,0,0
52542,-0.086,-0.969,-0.027,0.331,-0.851,0.901,0,0
52602,-0.114,-1.001,-0.032,-0.001,-2.532,0.961,0,0
52664,-0.18,-1.069,-0.044,-0.258,-3.385,-0.846,0,0
52724,-0.094,-0.96,-0.031,-0.021,1.522,0.839,0,0
52789,-0.064,-0.94,-0.03,0.819,1.046,0.821,0,0
52849,-0.062,-0.931,-0.025,0.679,-1.965,1.22,0,0
52911,-0.035,-0.922,-0.037,0.767,1.808,2.029,0,0
52971,-0.115,-1.078,-0.036,-0.115,-2.996,-0.688,0,0
53032,-0.027,-0.887,-0.019,1.439,2.473,2.004,0,0
53093,-0.123,-1.005,-0.033,0.096,-2.192,0.126,0,0
53154,-0.105,-0.988,-0.039,-0.339,-1.936,0.755,0,0
53215,-0.101,-0.983,-0.034,-0.065,-0.703,0.684,0,0
53276,-0.102,-0.987,-0.041,0.252,-0.288,0.515,0,0
53341,-0.106,-1.006,-0.046,0.65,0.73,0.112,0,0
53401,-0.199,-1.049,-0.019,-0.8,-1.826,-0.988,0,0
53463,-0.114,-0.95,-0.034,1.021,-1.04,1.411,0,0
53523,-0.112,-0.921,-0.039,1.536,0.471,2.151,0,0
53584,-0.003,-0.873,-0.023,0.906,4.38,2.02,0,0
53646,-0.145,-1.032,-0.04,0.021,-1.663,0.116,0,0
53706,-0.115,-1.074,-0.039,-0.843,-3.945,-0.168,0,0
53768,-0.077,-0.964,-0.035,0.242,3.421,1.037,0,0
53828,-0.115,-1.008,-0.041,-0.316,-0.986,-0.111,0,0
53893,-0.193,-1.089,-0.043,-0.214,0.127,-0.506,0,0
53954,-0.138,-1.009,-0.04,-0.546,-1.375,0.112,0,0
54059,-0.018,-0.901,-0.032,1.065,3.022,2.329,0,0
54119,-0.004,-0.885,-0.033,1.493,5.52,2.152,0,0
54180,-0.258,-1.133,-0.034,-1.37,-5.296,-1.442,0,0
54241,-0.068,-0.964,-0.044,0.167,-0.415,0.843,0,0
54302,0.01,-0.868,-0.032,0.984,3.299,1.414,0,0
54364,-0.111,-1.003,-0.054,0.702,1.951,-0.026,0,0
54429,-0.211,-1.084,-0.031,-0.688,-4.899,-0.392,0,0
54490,-0.07,-0.939,-0.026,0.491,1.088,0.49,0,0
54552,-0.111,-0.896,-0.039,0.609,0.957,0.953,0,0
54612,-0.078,-0.965,-0.036,0.506,-1.197,0.92,0,0
54673,-0.191,-1.063,-0.026,-0.972,-1.753,-0.347,0,0
54732,-0.109,-0.938,-0.054,1.442,0.672,0.986,0,0
54793,-0.16,-1.043,-0.043,-1.276,-3.855,-0.694,0,0
54853,-0.1,-0.962,-0.049,0.023,-0.573,0.232,0,0
54913,-0.114,-1.042,-0.051,-0.639,-0.703,-0.726,0,0
54973,-0.072,-0.96,-0.044,0.785,2.403,0.744,0,0
55033,-0.248,-1.123,-0.033,-1.481,-5.909,-1.695,0,0
55096,-0.108,-0.995,-0.046,-0.027,-1.462,0.942,0,0
55156,-0.11,-1.082,-0.042,-0.952,-5.494,-0.902,0,0
55217,-0.067,-0.954,-0.039,0.206,1.646,0.865,0,0
55277,-0.116,-1.043,-0.037,-0.497,-1.973,-0.019,0,0
55336,-0.115,-0.996,-0.043,-0.021,-1.879,-0.056,0,0
55397,-0.035,-0.923,-0.034,0.259,0.533,0.828,0,0
55457,-0.107,-1.008,-0.052,-0.164,-0.559,0.193,0,0
55518,-0.013,-0.905,-0.044,1.328,2.968,1.015,0,0
55577,-0.115,-0.996,-0.024,-0.268,-1.876,-0.035,0,0
55641,-0.105,-1.04,-0.052,0.088,-1.718,0.822,0,0
55693,-0.112,-1.075,-0.036,-1.152,-4.091,-0.685,0,51
55744,-0.115,-1.191,-0.034,-2.029,-4.704,-2.239,5,16
55796,-0.112,-1.051,-0.052,-0.562,-2.797,-0.956,0,50
55847,-0.111,-0.982,-0.043,-0.398,-1.215,0.503,0,52
55900,-0.095,-1.04,-0.057,-0.405,-2.032,0.071,0,50
55951,-0.118,-0.979,-0.041,-0.161,0.585,0.065,0,51
56003,-0.103,-1.001,-0.054,0.316,-2.188,0.369,0,50
56054,-0.115,-0.944,-0.044,0.174,2.527,0.432,0,52
56110,-0.146,-1.035,-0.046,-0.006,-4.382,-0.531,0,49
56161,-0.104,-1.025,-0.054,-0.913,-3.738,0.445,0,49
56213,-0.104,-0.952,-0.05,0.691,0.543,1.337,0,53
56264,-0.107,-0.986,-0.043,-0.117,0.647,0.19,0,52
56316,-0.116,-1.069,-0.029,-1.065,-3.37,-0.536,0,47
56369,-0.112,-1.033,-0.057,-0.78,-3.889,-0.502,0,49
56420,-0.106,-0.9,-0.045,0.904,2.906,0.997,0,54
56472,-0.101,-1.097,-0.055,-0.827,-4.062,-0.816,0,47
56524,-0.115,-1.096,-0.049,-1.433,-4.076,-0.998,0,48
56579,-0.11,-0.96,-0.045,0.514,1.137,0.571,0,51
56631,-0.116,-1.034,-0.049,-1.02,-4.054,-0.815,0,49
56682,-0.107,-0.899,-0.045,0.848,2.199,1.956,0,54
56734,-0.104,-1.128,-0.055,-1.238,-6.861,-0.843,0,47
56786,-0.101,-0.897,-0.053,0.949,2.74,1.503,0,54
56838,-0.106,-0.978,-0.053,0.795,-0.729,0.473,0,52
56933,-0.102,-1.068,-0.046,-0.679,-2.908,-0.701,0,48
56985,-0.112,-0.945,-0.043,-0.081,0.654,0.57,0,54
57037,-0.098,-1.043,-0.055,-0.785,-3.323,-0.275,0,50
57092,-0.115,-0.93,-0.045,0.367,2.449,0.866,0,56
57153,-0.112,-0.981,-0.043,0.206,-2.528,-0.299,0,0
57213,-0.099,-1.038,-0.051,-0.35,-3.59,0.347,0,0
57274,-0.09,-0.901,-0.055,0.723,2.977,1.69,0,0
57334,-0.104,-0.979,-0.049,0.582,0.413,-0.22,0,0
57395,-0.108,-0.985,-0.056,-0.106,-2.226,0.38,0,0
57455,-0.101,-1.055,-0.053,-0.995,-4.213,-0.514,0,0
57516,-0.089,-1.07,-0.065,-0.858,-2.061,-0.466,0,0
57576,-0.11,-0.975,-0.052,0.315,-0.807,0.526,0,0
57639,-0.086,-1.002,-0.057,-0.641,-1.456,-0.337,0,0
57700,-0.107,-0.92,-0.057,0.758,0.753,1.008,0,0
57760,-0.091,-0.998,-0.063,0.199,-1.425,0.18,0,0
57821,-0.108,-1.08,-0.055,-1.198,-2.548,-0.907,0,0
57873,-0.104,-1.027,-0.049,-0.887,-4.263,-0.477,0,45
57925,-0.086,-1.035,-0.065,-0.564,-2.776,-0.094,0,44
57976,-0.106,-1.051,-0.048,-1.366,-5.214,-1.033,0,44
58029,-0.115,-0.974,-0.058,1.045,-0.965,0.421,0,48
58081,-0.216,-1.068,-0.015,-8.654,-26.867,-4.718,0,43
58144,-0.178,-0.989,0.111,8.008,-21.183,1.679,0,45
58199,-0.166,-1.057,0.016,17.275,-33.588,9.029,0,46
58253,-0.247,-1.064,0.119,31.366,-51.992,23.763,0,42
58307,-0.252,-0.995,0.102,42.473,-97.481,22.626,0,48
58359,-0.166,-1.091,0.11,48.985,-95.412,19.786,166,46
58412,-0.07,-1.089,0.111,55.473,-80.725,14.672,163,42
58464,-0.047,-0.964,0.135,51.687,-42.641,13.038,164,43
58516,-0.082,-0.998,0.205,47.496,-23.458,1.851,165,41
58567,-0.116,-0.897,0.245,34.298,-16.267,7.386,159,43
58621,-0.182,-1.011,0.275,31.496,-20.13,-3.978,158,38
58673,-0.075,-0.866,0.282,25.45,-26.695,3.928,157,41
58725,-0.08,-0.907,0.301,21.267,-18.389,1.392,158,40
58776,-0.095,-0.898,0.358,19.427,-29.009,-0.974,158,35
58827,-0.092,-0.906,0.383,15.092,-10.556,1.299,157,39
58878,-0.079,-0.867,0.422,13.672,11.921,2.028,157,42
58930,-0.118,-0.867,0.446,10.069,-3.748,-0.342,157,38
58982,-0.11,-0.873,0.442,-1.187,-15.938,-5.977,158,37
59036,-0.127,-0.903,0.456,10.328,-13.342,-0.263,158,38
59087,-0.085,-0.865,0.439,11.969,4.521,9.792,157,41
59132,-0.136,-0.862,0.492,12.588,-11.502,6.131,47,38
59184,-0.067,-0.865,0.451,10.168,-15.067,3.163,158,37
59236,-0.084,-0.856,0.496,8.366,1.329,3.896,157,38
59281,-0.103,-0.858,0.515,8.573,-5.707,5.758,45,39
59325,-0.058,-0.848,0.467,7.557,0.486,8.178,53,42
59377,-0.085,-0.862,0.492,6.695,1.398,3.467,157,38
59428,-0.128,-0.84,0.533,5.098,-2.321,2.882,157,38
59476,-0.076,-0.843,0.512,11.451,-0.63,5.221,48,42
59522,-0.097,-0.839,0.521,6.764,1.019,4.271,50,40
59566,-0.076,-0.841,0.505,9.406,3.632,3.423,57,42
