Timestamp(ms),AccelX(g),AccelY(g),AccelZ(g),GyroX(deg/s),GyroY(deg/s),GyroZ(deg/s),DistanceLeft(cm),DistanceRight(cm)
46197,-0.244,-1.002,0.021,-3.636,-2.731,0.197,0,0
46258,-0.206,-0.978,0.056,-1.552,-1.666,1.303,0,0
46318,-0.216,-0.979,0.039,-2.602,-1.436,1.245,0,0
46377,-0.23,-1.02,0.038,-4.097,-3.866,0.97,0,0
46438,-0.217,-0.977,0.048,-2.864,-0.123,1.72,0,0
46498,-0.21,-0.974,0.072,-2.012,-1.201,1.759,0,0
46559,-0.188,-0.962,0.052,-1.117,-2.34,2.131,0,0
46619,-0.194,-0.969,0.036,-2.047,-0.781,1.668,0,0
46682,-0.213,-0.979,0.029,-4.584,1.099,2.259,0,0
46742,-0.206,-0.984,0.028,-4.089,-2.242,1.916,0,0
46802,-0.227,-1.012,0.012,-8.593,1.676,1.424,0,0
46863,-0.217,-0.971,0.041,-3.239,-1.118,1.782,0,0
46922,-0.194,-0.954,0.038,-7.275,-0.589,2.433,0,0
46983,-0.209,-0.958,0.04,-7.176,-1.253,3.84,0,0
47043,-0.223,-0.919,0.002,-6.405,-2.865,0.338,0,0
47104,-0.193,-0.981,-0.02,0.581,3.009,6.911,0,0
47164,-0.262,-1.128,-0.036,2.141,0.46,-6.702,0,0
47226,-0.249,-1.006,-0.033,2.065,11.179,-6.771,0,0
47287,-0.32,-0.958,-0.018,-0.5,0.323,-11.511,0,0
47347,-0.237,-0.916,-0.054,-2.142,-3.813,-8.649,0,0
47408,-0.243,-0.97,-0.021,-1.036,8.538,1.446,0,0
47468,-0.216,-0.908,-0.007,8.409,20.108,10.173,0,0
47527,-0.191,-0.891,-0.05,12.672,21.893,10.473,0,0
47588,-0.187,-0.731,-0.001,22.015,52.87,13.397,0,0
47648,-0.309,-0.689,0.037,18.389,35.695,19.794,0,0
47709,-0.261,-0.667,0.016,18.977,8.445,15.595,0,0
47772,-0.271,-0.843,0.012,23.878,11.877,6.103,0,0
47833,-0.274,-1.468,-0.111,36.672,21.015,-7.305,0,196
47892,-0.091,-1.089,-0.093,13.038,92.237,11.924,0,195
47952,-0.516,-1.338,0.215,-15.84,63.267,14.992,0,197
48013,-0.5,-1.281,0.272,-9.939,-37.496,0.355,0,200
48073,-0.13,-0.889,0.09,-8.328,-22.985,7.664,0,0
48134,-0.267,-0.802,0.136,-6.021,22.802,11.954,0,0
48194,-0.306,-0.836,0.124,0.243,-15.61,2.076,0,0
48254,-0.291,-0.855,0.114,-4.213,-15.064,3.53,0,0
48318,-0.251,-0.666,0.126,-8.275,-31.924,10.041,0,0
48378,-0.146,-0.664,0.004,-9.484,-29.275,8.443,0,0
48438,-0.188,-0.698,0.063,10.573,7.234,-5.122,0,190
48496,-0.211,-0.634,0.07,7.458,2.387,-2.971,0,165
48556,-0.214,-0.96,0.046,-1.643,-2.295,8.155,0,170
48616,-0.236,-1.599,-0.169,6.802,-4.715,-10.55,0,0
48674,-0.455,-1.719,0.115,-27.939,3.344,7.603,0,165
48733,-0.309,-1.194,0.067,-7.008,37.527,7.71,0,165
48791,-0.438,-1.28,0.051,-4.634,15.003,-33.26,0,165
48852,-0.386,-0.872,0.11,5.576,-1.832,-35.916,0,168
48912,-0.322,-0.708,0.105,-6.763,-17.284,-4.718,0,166
48970,-0.309,-0.759,0.035,-5.774,-25.588,4.774,0,169
49031,-0.214,-0.811,0.002,3.901,-30.847,5.942,0,199
49084,-0.143,-0.744,-0.113,15.542,-8.596,4.173,0,79
49138,-0.193,-0.645,-0.004,9.496,22.783,10.313,0,76
49233,-0.245,-0.688,0.06,-1.833,-7.544,9.901,0,67
49287,-0.145,-0.98,0.034,11.244,15.564,8.74,0,68
49339,-0.268,-1.512,0.109,4.409,5.291,-1.44,0,66
49395,-0.28,-1.457,0.174,-4.195,23.527,3.583,0,68
49448,-0.422,-1.475,0.209,-7.855,-37.74,-21.122,0,69
49502,-0.192,-1.255,0.123,-1.631,-39.282,-11.947,0,70
49555,-0.13,-1.093,0.033,-8.74,0.725,-5.351,0,72
49608,-0.216,-0.879,0.134,-3.77,17.33,7.779,0,76
49661,-0.201,-0.778,0.112,-3.169,7.862,4.479,0,76
49716,-0.187,-0.778,0.12,-0.491,16.471,3.081,0,76
49769,-0.266,-0.836,0.155,-1.172,-5.121,-1.765,0,76
49822,-0.165,-0.785,0.04,-0.511,-7.657,-4.171,0,77
49880,-0.232,-0.754,0.101,-0.623,7.28,-6.672,0,85
49934,-0.18,-0.696,0.06,4.491,5.24,2.681,0,82
49987,-0.186,-0.669,0.069,2.405,14.042,2.061,0,86
50040,-0.194,-0.639,0.063,4.125,17.693,7.969,0,64
50094,-0.224,-0.922,0.072,-1.899,7.355,11.176,0,63
50146,-0.282,-1.49,-0.034,5.09,-1.867,10.794,0,62
50199,-0.183,-1.38,0.066,-7.229,21.696,31.534,0,63
50251,-0.395,-1.83,-0.077,-12.313,4.87,14.183,0,63
50305,-0.337,-1.226,0.09,2.67,16.31,3.553,0,66
50361,-0.372,-1.1,0.04,-7.183,-6.889,-19.0,0,65
50414,-0.329,-0.753,0.087,-0.636,-21.962,-9.107,0,69
50467,-0.311,-0.774,-0.02,-2.201,-23.102,-5.275,5,21
50521,-0.213,-0.749,-0.064,9.122,5.331,3.544,0,71
50574,-0.305,-0.788,-0.0,-1.92,-9.372,2.513,0,72
50628,-0.208,-0.834,-0.077,-1.989,-10.891,11.405,0,81
50682,-0.212,-0.815,-0.013,-3.038,2.749,10.527,0,78
50736,-0.222,-0.704,-0.008,-6.023,-4.402,5.62,0,65
50789,-0.261,-0.613,0.046,-3.149,2.059,4.11,0,79
50845,-0.254,-0.609,0.087,3.632,-5.306,8.817,0,62
50898,-0.339,-1.169,-0.005,1.931,-10.489,9.16,0,64
50951,-0.311,-1.488,-0.045,8.237,-25.962,-10.931,0,65
51004,-0.244,-1.616,0.013,-12.695,9.644,11.534,0,67
51057,-0.404,-1.218,0.206,-20.031,19.802,13.893,0,65
51111,-0.49,-1.281,0.221,-15.71,-30.969,18.74,0,75
51165,-0.224,-0.855,0.123,-2.944,-22.611,23.916,0,70
51218,-0.193,-0.815,0.088,-6.458,8.081,30.504,0,71
51272,-0.293,-0.789,0.115,6.832,9.131,19.992,0,75
51330,-0.298,-0.817,0.027,9.634,-2.072,-5.865,0,79
51383,-0.324,-0.831,0.031,12.519,4.405,-18.374,0,69
51436,-0.308,-0.795,0.051,9.626,2.712,-25.435,0,74
51490,-0.326,-0.747,0.079,1.902,-7.413,-24.947,0,76
51544,-0.232,-0.613,0.075,6.527,1.923,-11.305,0,64
51597,-0.265,-0.574,0.06,0.009,10.882,3.015,0,75
51650,-0.222,-0.625,0.024,-5.219,13.648,19.389,0,62
51703,-0.252,-0.943,0.05,-15.191,25.756,23.832,0,63
51757,-0.459,-1.609,0.004,-7.483,-20.901,-4.763,0,62
51813,-0.486,-1.773,0.088,-6.282,-46.206,-17.817,0,66
51866,-0.173,-1.493,-0.112,-7.244,-0.335,-9.672,0,67
51962,-0.462,-0.985,0.183,1.228,25.122,-12.87,199,65
52016,-0.395,-0.682,0.18,7.198,-9.874,-7.847,198,68
52069,-0.274,-0.589,0.07,15.366,-6.645,1.692,196,70
52123,-0.327,-0.744,-0.004,19.336,-18.275,-4.952,194,74
52176,-0.208,-0.923,-0.154,21.87,-22.351,-8.702,191,75
52230,-0.148,-0.943,-0.119,8.687,-8.23,0.591,189,77
52283,-0.208,-0.802,-0.022,-17.0,10.034,25.779,187,75
52339,-0.26,-0.77,0.04,-25.053,-1.087,28.099,186,74
52392,-0.176,-0.527,0.01,-17.611,16.42,23.573,184,65
52445,-0.19,-0.507,-0.003,-12.947,21.16,25.053,182,64
52497,-0.313,-0.962,0.037,-6.145,23.687,22.534,180,63
52548,-0.507,-1.594,0.058,5.087,-20.153,-27.824,177,63
52600,-0.262,-1.589,0.081,8.466,11.378,-22.626,176,58
52652,-0.515,-1.377,0.308,-13.008,35.107,-10.977,175,59
52704,-0.618,-1.321,0.304,-15.595,-57.466,8.656,173,66
52755,-0.219,-0.974,0.047,-0.136,-43.405,11.336,172,60
52810,-0.14,-0.767,-0.03,0.087,12.635,21.16,170,63
52862,-0.269,-0.783,0.074,6.626,37.618,16.412,169,67
52914,-0.313,-0.813,0.05,13.489,18.71,-1.354,167,74
52965,-0.304,-0.804,0.042,8.924,5.724,-15.763,166,49
53015,-0.326,-0.805,0.084,2.85,2.151,-19.863,164,49
53065,-0.332,-0.798,0.093,-4.211,-2.611,-13.931,163,51
53116,-0.306,-0.725,0.108,-5.916,1.864,-5.832,160,50
53167,-0.264,-0.618,0.075,-6.481,1.89,9.656,159,52
53220,-0.19,-0.519,0.121,-0.482,25.214,19.824,156,53
53276,-0.145,-0.602,-0.045,3.5,24.58,20.641,154,54
53325,-0.186,-0.943,-0.034,-9.992,34.305,23.336,152,62
53374,-0.464,-1.718,-0.151,-2.919,18.127,12.992,150,53
53423,-0.465,-1.777,-0.069,-1.303,1.234,6.027,149,52
53472,-0.353,-1.384,-0.062,-14.0,10.506,-6.176,148,60
53521,-0.584,-1.382,0.058,-2.666,-17.206,-29.733,147,53
53569,-0.455,-1.097,0.025,2.707,-45.298,-57.115,146,59
53618,-0.337,-0.788,0.037,3.398,-41.504,-45.656,145,60
53670,-0.245,-0.77,0.006,10.061,-21.786,-16.87,144,61
53720,-0.284,-0.743,-0.005,10.489,-18.102,-4.062,143,62
53768,-0.21,-0.807,-0.052,6.283,2.377,12.794,141,62
53817,-0.177,-0.92,-0.127,9.481,15.632,18.046,139,65
53866,-0.21,-0.86,-0.055,5.083,28.756,16.74,137,67
53915,-0.254,-0.85,0.003,1.38,20.28,12.092,136,68
53963,-0.206,-0.769,0.002,0.817,16.157,14.313,134,56
54011,-0.22,-0.761,0.001,3.606,23.485,9.244,132,61
54060,-0.287,-0.646,0.067,8.962,8.412,-0.688,130,62
54111,-0.23,-0.53,0.061,7.427,-2.639,2.93,128,63
54158,-0.296,-0.977,-0.009,6.321,-6.574,-0.218,126,63
54207,-0.35,-1.515,-0.015,6.969,-12.213,-18.84,124,75
54255,-0.118,-1.456,-0.07,7.901,34.771,-6.198,122,62
54303,-0.595,-1.551,0.278,-24.618,42.115,-7.282,121,66
54351,-0.535,-0.886,0.385,-31.252,-43.695,26.015,118,70
54400,-0.384,-1.109,0.122,-23.832,-86.168,24.29,117,70
54448,-0.081,-0.929,-0.053,-4.504,-44.55,22.649,115,73
54541,-0.369,-0.813,0.171,6.832,47.756,18.649,111,76
54590,-0.366,-0.85,0.15,7.695,-3.507,2.359,109,79
54637,-0.254,-0.904,0.02,4.115,-16.089,-6.924,107,64
54684,-0.261,-0.956,0.002,2.931,4.762,-10.328,106,78
54731,-0.304,-0.849,0.076,-0.143,17.184,-12.939,104,61
54779,-0.262,-0.774,0.058,-1.391,16.346,-6.611,102,86
54828,-0.238,-0.67,0.025,-5.256,25.939,-1.435,101,81
54874,-0.24,-0.581,0.065,-3.607,41.008,3.215,99,60
54921,-0.345,-0.655,0.033,-6.266,40.634,-9.646,29,20
54970,-0.29,-0.706,-0.002,7.885,26.069,-11.053,95,66
55016,-0.248,-0.787,-0.033,7.244,42.863,-10.084,92,66
55063,-0.328,-1.527,-0.111,3.863,44.71,-5.588,90,68
55109,-0.46,-2.0,-0.026,10.931,24.252,-18.687,89,69
55155,-0.364,-1.858,-0.109,6.969,-20.71,-18.443,81,71
55201,-0.048,-0.772,0.011,-4.829,22.397,35.809,80,71
55248,-0.291,-1.074,-0.042,-28.504,53.221,35.519,85,70
55294,-0.375,-0.829,0.067,-1.736,30.618,11.916,84,82
55342,-0.189,-0.645,-0.023,9.916,10.591,10.899,83,74
55391,-0.139,-0.927,-0.164,16.069,19.962,-2.818,82,84
55438,-0.172,-1.102,-0.174,22.473,33.58,-15.084,82,77
55484,-0.178,-0.887,-0.11,14.802,49.099,-15.489,81,75
55531,-0.252,-0.909,-0.023,6.366,53.931,-0.84,81,83
55577,-0.345,-1.01,-0.001,-1.192,50.313,-3.0,81,76
55624,-0.417,-0.913,0.069,11.015,42.275,-3.174,81,78
55671,-0.4,-0.865,0.063,21.664,38.214,1.763,80,86
55717,-0.305,-0.802,-0.028,30.015,52.176,3.562,80,81
55768,-0.324,-0.698,-0.018,33.053,75.916,0.305,80,86
55815,-0.334,-0.608,-0.005,39.649,71.458,1.966,80,87
55862,-0.374,-0.656,0.011,43.573,61.748,-0.31,79,88
55911,-0.258,-0.675,-0.072,58.885,51.824,4.395,78,125
55960,-0.21,-0.738,-0.096,55.901,66.252,10.527,78,129
56016,-0.354,-1.506,-0.059,35.817,82.718,13.221,0,119
56073,-0.367,-1.848,0.013,21.382,108.137,18.115,0,117
56128,-0.361,-1.151,0.163,-0.478,112.908,5.348,0,106
56183,-0.786,-1.159,0.494,-30.076,3.374,20.939,0,106
56242,-0.27,-0.817,0.115,-2.959,-63.397,18.275,0,122
56298,-0.051,-0.8,-0.115,7.145,10.09,9.16,0,111
56353,-0.35,-0.782,0.126,20.618,58.702,-9.939,0,111
56409,-0.385,-0.847,0.127,26.511,9.914,-26.771,0,110
56464,-0.343,-0.805,0.116,18.779,-4.52,-34.115,0,110
56520,-0.296,-0.793,0.094,9.206,-3.897,-22.298,0,112
56576,-0.351,-0.838,0.122,3.973,-5.839,-10.969,0,114
56632,-0.294,-0.75,0.044,0.079,-13.516,-6.602,0,114
56687,-0.204,-0.665,0.076,0.113,19.153,10.87,0,116
56747,-0.309,-0.696,0.121,1.297,26.771,13.58,0,119
56803,-0.244,-0.755,0.052,3.79,29.198,20.748,0,121
56859,-0.5,-1.551,0.067,3.344,-2.877,-9.878,0,124
56915,-0.434,-1.906,-0.032,11.985,-32.29,-21.618,0,124
56972,-0.084,-1.142,-0.116,-5.971,-2.919,-9.084,0,125
57029,-0.318,-0.97,0.101,-24.344,48.664,13.58,0,126
57128,-0.351,-0.76,0.129,5.104,-19.374,-18.298,0,127
57185,-0.288,-0.892,0.011,10.985,-19.906,-23.336,0,127
57242,-0.253,-0.998,-0.048,18.321,-3.643,-28.015,0,129
57302,-0.269,-0.876,0.02,10.672,11.182,-13.0,0,129
57359,-0.284,-1.005,-0.01,1.782,3.073,0.447,0,132
57415,-0.276,-0.875,0.056,-0.037,7.988,5.671,0,133
57473,-0.303,-0.814,0.066,-3.741,0.81,15.412,0,135
57530,-0.216,-0.79,0.057,7.377,12.579,17.031,0,137
57587,-0.212,-0.669,0.02,9.626,20.489,13.038,0,139
57640,-0.242,-0.552,0.066,5.275,25.229,14.893,0,67
57694,-0.202,-0.616,0.049,-0.798,4.232,14.435,0,63
57746,-0.176,-1.37,-0.159,-1.73,-1.897,1.55,0,66
57807,-0.17,-1.23,-0.019,-1.676,30.817,-17.0,0,147
57866,-0.621,-1.841,0.284,-21.748,32.137,-5.084,0,150
57920,-0.279,-1.166,0.214,-2.719,-9.603,4.388,0,81
57973,-0.428,-1.111,0.28,-16.313,-10.442,17.458,0,78
58028,-0.24,-0.863,0.161,4.496,-39.824,30.275,0,75
58080,-0.07,-0.751,-0.027,12.786,15.101,21.763,170,84
58134,-0.274,-0.801,0.077,18.13,33.725,4.293,0,88
58188,-0.264,-0.883,0.041,18.954,27.458,-5.275,0,80
58243,-0.369,-0.872,0.128,4.891,7.003,-17.031,0,86
58305,-0.297,-0.772,0.051,-2.946,-16.641,-9.962,0,161
58358,-0.187,-0.621,0.05,-6.297,-15.37,-3.251,0,68
58412,-0.134,-0.612,0.035,2.467,25.16,5.284,0,70
58465,-0.216,-0.542,0.122,6.901,37.359,3.787,0,67
58527,-0.206,-0.699,0.051,7.366,18.097,-0.081,0,66
58579,-0.419,-1.402,0.023,-2.62,2.167,-16.672,0,69
58632,-0.398,-2.0,-0.084,19.45,-7.862,-24.802,0,64
58685,-0.261,-1.457,0.023,2.431,8.195,-3.398,0,69
58737,-0.504,-1.367,0.182,-30.802,17.477,27.824,0,67
58792,-0.424,-0.912,0.17,-15.145,-39.466,13.443,0,69
58846,-0.235,-0.699,0.057,-13.779,-43.122,10.236,0,73
58893,-0.176,-0.664,-0.045,5.362,7.172,1.434,109,61
58945,-0.281,-0.724,-0.013,8.786,-3.579,-10.58,0,70
58993,-0.253,-1.019,-0.096,12.42,-16.992,-27.13,109,72
59046,-0.177,-0.974,-0.113,11.916,-0.703,-25.542,0,83
59100,-0.238,-0.915,0.032,-10.481,14.556,-2.063,0,75
59147,-0.285,-0.941,0.043,-13.443,19.412,9.817,107,64
59202,-0.355,-0.897,0.132,-9.023,3.937,9.16,0,78
59254,-0.294,-0.783,0.058,3.409,-7.173,3.41,0,63
59309,-0.216,-0.74,0.046,17.382,18.712,9.092,0,85
59361,-0.208,-0.63,0.012,27.626,46.718,11.756,0,66
59413,-0.308,-0.586,0.031,27.16,52.45,0.162,200,66
59465,-0.309,-1.093,-0.015,19.092,37.389,9.725,197,63
59518,-0.387,-1.482,0.133,-7.779,-16.344,-1.666,195,71
59571,-0.164,-1.59,0.056,-32.809,16.142,21.031,193,66
59623,-0.514,-1.408,0.288,-29.031,-5.199,1.996,193,69
59678,-0.318,-0.845,0.242,-15.962,-47.817,15.427,190,69
59730,-0.187,-0.967,0.083,-9.901,-45.595,4.59,189,72
59783,0.001,-0.83,-0.126,11.466,24.812,13.687,188,73
59878,-0.347,-1.006,0.12,5.543,10.255,-9.863,187,63
59930,-0.293,-0.942,0.132,-7.198,-24.137,-15.145,186,72
59982,-0.234,-0.977,0.112,-1.1,-1.673,-9.137,186,74
60035,-0.316,-1.082,0.104,-9.305,-19.405,-6.893,186,73
60087,-0.288,-1.236,0.02,-0.274,-11.87,-13.229,186,72
60139,-0.166,-0.805,0.007,7.313,4.103,-5.137,185,62
60194,-0.177,-0.813,0.038,-3.648,11.258,7.219,185,74
60247,-0.236,-1.009,-0.017,-1.186,5.401,-2.921,185,72
60299,-0.237,-1.067,-0.021,-3.476,-7.754,-15.611,185,72
60351,-0.265,-0.951,0.036,-7.046,-9.22,-18.221,185,77
60404,-0.249,-0.986,0.014,-7.107,-20.473,-14.626,186,73
60456,-0.245,-1.014,0.01,-3.577,-19.596,-12.282,186,71
60509,-0.183,-0.97,0.002,0.113,3.402,1.768,187,72
60557,-0.232,-0.981,0.072,-4.782,-1.843,7.674,101,83
60609,-0.221,-0.983,0.034,-2.213,-13.063,8.962,187,75
60664,-0.185,-0.984,0.004,1.716,-8.65,4.014,187,70
60711,-0.17,-0.989,-0.014,2.759,-0.174,0.925,102,71
60759,-0.248,-1.0,0.017,-0.363,0.182,1.147,100,70
60811,-0.184,-0.988,0.007,0.3,-2.717,8.061,186,73
60863,-0.182,-0.933,0.072,-0.389,10.706,10.277,186,71
60916,-0.242,-0.993,0.066,-0.627,-8.553,2.965,186,72
60968,-0.18,-0.977,0.03,0.862,-9.092,2.781,186,75
61021,-0.22,-1.009,0.006,-1.085,-3.469,-1.08,186,81
61077,-0.236,-0.993,0.055,1.584,-0.642,0.372,186,82
61125,-0.198,-0.955,0.089,2.833,-3.842,0.376,102,83
61178,-0.211,-0.967,0.056,2.344,-2.145,0.857,186,83
61227,-0.213,-0.972,0.033,-0.769,-5.422,3.353,102,82
61278,-0.204,-0.968,0.042,1.672,1.763,5.303,186,59
61325,-0.239,-0.994,0.027,-1.829,-1.804,2.722,100,58
61376,-0.199,-0.98,0.03,-2.376,0.746,8.084,185,59
61427,-0.219,-0.966,0.058,-3.746,0.997,8.672,185,59
61474,-0.191,-1.004,0.018,-5.546,-3.24,2.2,98,58
61523,-0.208,-0.985,0.069,-2.87,-1.384,1.917,98,58
61570,-0.22,-1.012,0.008,-3.293,-5.58,-3.371,99,57
61622,-0.209,-0.956,0.068,-1.964,0.841,-1.326,184,58
61673,-0.186,-0.979,0.051,-0.27,-2.191,-1.133,184,50
61724,-0.198,-0.969,0.038,-4.645,-0.833,-1.744,184,51
61770,-0.221,-0.997,-0.001,-6.313,-3.02,-2.903,97,51
61816,-0.204,-0.971,0.043,-3.73,4.22,-0.877,99,58
61863,-0.191,-0.989,0.052,-1.049,3.659,-0.557,98,60
61911,-0.207,-0.973,0.016,-3.958,3.956,0.619,96,75
61961,-0.236,-1.026,-0.004,-4.282,3.407,1.907,95,73
62013,-0.198,-0.981,0.027,-1.419,7.869,3.004,184,71
62065,-0.224,-1.015,0.008,-4.346,1.55,0.308,184,64
62117,-0.193,-0.97,0.043,-2.197,6.664,3.66,184,65
62170,-0.186,-1.012,-0.0,-1.543,4.446,1.663,184,75
62223,-0.207,-1.0,0.012,-0.43,4.797,-1.469,184,82
62276,-0.192,-0.981,0.03,1.129,2.25,-2.298,184,83
62328,-0.199,-1.0,0.017,0.871,0.576,-3.731,184,71
62382,-0.218,-1.005,0.011,2.104,4.543,-2.859,185,81
62480,-0.22,-1.023,0.007,0.92,0.584,-1.266,185,72
62532,-0.147,-0.939,0.005,4.013,5.973,7.715,185,62
62583,-0.197,-0.993,0.017,2.12,4.532,5.121,185,59
62636,-0.196,-0.986,0.024,0.149,-1.355,4.57,185,59
62683,-0.178,-0.991,-0.005,0.36,-1.382,0.576,99,60
62729,-0.209,-0.986,0.013,0.159,-1.607,0.166,98,60
62776,-0.153,-0.953,0.067,1.716,-1.842,2.514,102,61
62823,-0.206,-0.984,0.029,-1.386,-3.019,2.165,98,61
62870,-0.213,-1.014,0.018,-1.405,-0.778,1.293,99,71
62920,-0.247,-0.998,0.013,-0.246,-5.365,-0.225,98,70
62968,-0.178,-0.949,0.07,0.246,-1.792,6.311,99,72
63015,-0.21,-1.007,-0.0,0.673,-2.435,3.775,99,71
63064,-0.204,-0.98,0.043,-0.033,-0.823,3.966,99,72
63111,-0.208,-0.997,0.02,-0.543,-6.066,0.876,99,72
63158,-0.183,-0.97,0.029,0.276,-3.166,2.381,99,73
63206,-0.227,-1.008,-0.004,-0.895,-2.563,1.209,98,72
63253,-0.209,-0.978,0.038,-1.917,-1.151,2.392,99,72
63301,-0.191,-0.986,0.013,-0.802,-2.133,3.039,98,73
63351,-0.218,-0.986,0.051,-1.127,0.144,1.254,99,72
63399,-0.22,-0.998,0.039,-0.526,-1.254,3.055,98,72
63447,-0.23,-0.986,0.036,0.623,1.168,3.796,99,73
63495,-0.214,-0.977,0.055,2.222,0.197,6.937,100,74
63548,-0.223,-0.991,0.027,1.511,-2.264,3.023,185,81
63600,-0.189,-0.969,0.052,2.628,-0.769,8.689,185,75
63653,-0.187,-0.963,0.032,1.948,2.054,6.471,185,76
63707,-0.23,-0.99,0.029,-0.908,0.137,3.557,184,75
63759,-0.204,-0.988,0.028,-0.555,-0.706,2.279,185,77
63815,-0.22,-0.97,0.069,-0.5,0.664,1.603,184,76
63868,-0.226,-0.995,0.024,-0.826,-2.09,0.724,185,77
63922,-0.219,-1.01,0.007,-2.626,-3.301,-1.193,185,78
63975,-0.22,-0.988,0.033,-1.302,1.392,-1.496,184,79
64028,-0.235,-0.996,0.034,-1.69,-3.139,-2.649,184,80
64081,-0.217,-0.987,0.02,0.139,0.691,-1.299,185,81
64135,-0.205,-0.982,0.065,0.025,1.018,0.139,185,82
64188,-0.209,-0.944,0.069,-0.935,-2.536,-0.196,185,82
64242,-0.168,-0.951,0.055,4.434,3.548,-0.44,185,83
64294,-0.219,-1.005,-0.003,-0.419,0.483,-2.465,134,73
64342,-0.247,-0.989,-0.003,-3.72,1.692,-1.135,98,60
64389,-0.203,-0.98,0.031,-2.371,0.304,1.733,100,60
64442,-0.188,-1.0,0.004,-2.955,2.634,0.976,185,76
64495,-0.196,-0.993,0.035,-3.162,8.048,3.11,185,72
64543,-0.191,-0.968,0.083,-6.847,3.127,3.016,100,73
64590,-0.239,-1.044,0.042,-7.756,-8.378,-0.755,99,71
64644,-0.216,-0.998,0.082,0.356,-4.821,-0.793,184,71
64691,-0.197,-1.0,0.047,1.472,-8.845,-0.393,98,72
64742,-0.189,-0.993,0.075,5.375,-5.923,-0.13,98,74
64791,-0.175,-0.987,0.001,7.149,0.745,2.787,100,82
64839,-0.189,-0.939,0.049,6.951,9.253,7.901,98,74
64885,-0.192,-0.965,0.031,4.958,5.215,6.42,98,59
64932,-0.188,-0.985,-0.002,0.18,-9.325,1.622,100,58
65022,-0.195,-0.983,0.06,-0.442,-8.749,-8.542,97,60
65071,-0.261,-0.986,0.034,-7.239,-18.916,-6.641,98,58
65123,-0.166,-0.994,0.006,-4.09,-13.966,1.019,98,53
65170,-0.206,-0.971,0.072,-4.603,-5.748,5.581,97,75
65219,-0.224,-1.007,0.054,-4.439,-14.046,9.489,96,74
65265,-0.185,-0.965,0.096,1.5,-0.653,12.595,97,61
65312,-0.168,-1.01,0.054,0.154,-6.1,11.351,97,76
65359,-0.156,-0.996,0.035,1.666,0.736,8.534,98,76
65406,-0.191,-0.984,0.078,2.137,-0.038,6.595,97,77
65453,-0.149,-0.971,0.054,4.015,2.91,5.834,96,78
65500,-0.174,-0.972,0.069,2.006,8.113,2.913,96,76
65546,-0.184,-1.005,0.057,2.096,7.161,0.797,96,61
65592,-0.187,-0.997,0.042,2.167,10.463,-0.251,97,62
65641,-0.236,-0.966,0.107,4.456,14.257,0.225,102,61
65692,-0.257,-0.997,0.061,2.536,-2.062,-2.375,183,60
65743,-0.239,-0.984,0.024,0.995,-2.646,-1.988,183,59
65795,-0.22,-0.998,0.018,2.077,4.309,-1.199,183,60
65846,-0.236,-0.962,0.077,1.217,6.692,0.21,183,60
65892,-0.21,-0.964,0.056,0.52,4.372,2.731,98,60
65938,-0.227,-0.949,0.117,-1.721,0.866,4.492,100,59
65984,-0.233,-1.022,0.042,-3.194,-11.941,1.06,97,58
66030,-0.247,-0.988,0.067,-4.69,-11.186,0.486,96,60
66079,-0.182,-0.993,0.027,-3.081,-11.095,2.797,97,59
66125,-0.208,-0.967,0.075,-0.526,0.869,4.452,96,59
66171,-0.221,-0.974,0.103,-0.966,-4.455,6.692,96,60
66217,-0.169,-0.947,0.089,0.46,-2.002,9.785,97,53
66263,-0.205,-0.964,0.101,-0.636,-2.273,8.645,95,52
66309,-0.197,-0.998,0.048,0.295,-5.223,5.028,96,53
66355,-0.21,-0.988,0.067,-0.311,-1.804,3.753,98,51
66405,-0.231,-0.989,0.06,-0.974,-5.518,2.012,182,53
66456,-0.188,-0.958,0.093,1.181,1.934,5.611,182,53
66509,-0.226,-0.974,0.083,0.078,-2.505,2.796,182,52
66561,-0.198,-0.96,0.09,0.478,-0.125,4.733,182,51
66612,-0.189,-0.935,0.108,0.375,0.622,6.054,182,52
66662,-0.224,-0.965,0.08,0.056,-2.017,2.583,182,51
66713,-0.212,-0.981,0.05,0.46,-2.247,2.453,182,51
66764,-0.22,-0.963,0.083,-0.532,1.247,2.65,182,62
66816,-0.227,-0.99,0.065,0.198,-0.728,0.943,182,52
66867,-0.216,-0.949,0.102,-0.841,-1.272,1.257,182,51
66917,-0.217,-0.979,0.062,-0.537,-0.873,0.525,182,52
66971,-0.218,-0.942,0.117,-0.087,0.664,0.39,182,51
67022,-0.228,-0.979,0.086,-0.765,-3.733,-0.2,182,51
67073,-0.22,-0.964,0.078,-1.258,-3.814,0.996,182,51
67124,-0.221,-0.981,0.08,-1.335,-2.022,1.621,183,51
67175,-0.23,-0.964,0.093,-1.664,-2.739,3.609,182,51
67226,-0.229,-0.995,0.059,-2.514,-3.497,2.071,182,51
67276,-0.233,-0.987,0.073,-2.666,-2.481,1.983,182,51
67328,-0.179,-0.96,0.095,-0.235,-0.908,3.791,182,51
67379,-0.212,-0.968,0.095,-0.683,0.798,1.409,182,51
67433,-0.231,-0.981,0.066,-1.235,-1.56,0.537,182,51
67526,-0.22,-0.995,0.053,0.046,2.076,0.79,182,51
67577,-0.22,-0.955,0.104,-0.45,3.438,2.292,182,52
67629,-0.245,-1.002,0.054,-1.126,-3.551,0.518,182,51
67680,-0.221,-0.969,0.071,-0.559,0.701,1.575,182,53
67730,-0.224,-0.969,0.077,-1.292,0.497,1.368,182,51
67781,-0.216,-0.959,0.087,-0.459,-0.075,2.629,182,52
67827,-0.24,-0.995,0.052,-3.216,-2.767,0.338,95,51
67873,-0.249,-0.993,0.061,-3.186,-2.643,1.277,94,52
67922,-0.225,-0.985,0.079,-1.394,-2.74,3.386,96,51
67969,-0.205,-0.986,0.074,-0.815,-0.743,2.661,96,51
68015,-0.229,-0.99,0.071,-0.755,-1.07,1.144,96,52
68061,-0.184,-0.943,0.124,0.287,1.384,5.616,97,52
68107,-0.217,-0.975,0.093,-0.578,-2.152,2.369,98,52
68158,-0.192,-0.955,0.092,0.233,-0.613,2.837,182,52
68204,-0.22,-0.985,0.08,-0.05,-1.524,1.921,97,52
68250,-0.218,-0.97,0.067,0.379,0.241,1.908,96,52
68296,-0.207,-0.945,0.106,-0.694,1.036,4.426,97,52
68344,-0.227,-0.988,0.075,-0.697,-2.955,2.105,96,52
68396,-0.194,-0.966,0.081,-0.293,-0.126,3.398,182,52
68446,-0.211,-0.974,0.08,-0.834,-0.157,1.74,96,51
68492,-0.219,-0.979,0.089,-0.81,-1.237,0.806,95,51
68538,-0.206,-0.968,0.084,-0.129,-0.613,0.865,96,52
68584,-0.215,-0.974,0.073,-0.514,1.18,1.222,95,51
68630,-0.214,-0.965,0.097,-0.657,0.589,1.913,96,51
68676,-0.201,-0.97,0.108,0.135,-1.644,0.967,96,51
68722,-0.206,-0.965,0.071,-1.115,0.05,0.523,95,52
68771,-0.235,-0.972,0.074,-3.014,-1.75,0.643,95,53
68817,-0.221,-0.979,0.074,-1.402,-1.285,0.4,95,59
68865,-0.227,-0.984,0.058,-2.474,-0.667,-0.36,96,59
68911,-0.229,-0.983,0.061,-2.475,0.234,0.33,97,60
68958,-0.231,-0.989,0.075,-3.897,-2.023,0.537,99,59
69004,-0.213,-0.977,0.067,-2.773,-3.618,-0.073,97,60
69051,-0.207,-0.966,0.082,-3.108,-1.455,0.882,96,59
69097,-0.199,-0.994,0.091,-1.873,-2.502,1.36,97,60
69144,-0.201,-0.966,0.084,-0.163,1.738,0.322,96,61
69194,-0.24,-0.968,0.101,-1.796,-3.02,1.866,96,61
69241,-0.21,-0.993,0.066,0.155,-5.179,2.05,96,77
69289,-0.214,-0.983,0.07,1.381,-0.857,1.834,97,83
69338,-0.237,-0.983,0.066,0.964,-0.884,2.747,98,83
69390,-0.247,-0.988,0.064,0.518,-2.788,2.913,183,61
69441,-0.212,-0.982,0.053,-0.064,-2.789,4.637,184,61
69493,-0.201,-0.959,0.094,0.322,3.562,7.232,183,62
69545,-0.245,-1.01,0.053,-0.722,-6.198,1.369,183,60
69593,-0.207,-0.97,0.08,-0.093,-1.435,3.473,96,60
69642,-0.211,-0.961,0.1,0.124,-0.398,4.915,98,61
69694,-0.224,-0.995,0.059,-0.176,-5.696,0.769,183,61
69741,-0.246,-1.002,0.058,-0.95,-4.24,-0.215,97,60
69792,-0.227,-0.976,0.071,-0.38,-1.259,1.314,183,62
69847,-0.228,-0.97,0.082,-1.062,-1.229,1.645,184,85
69899,-0.213,-0.983,0.065,-0.959,-1.211,0.78,183,78
69991,-0.22,-0.983,0.07,-1.548,-1.513,1.081,98,80
70039,-0.194,-0.948,0.093,-0.398,-0.757,2.314,97,79
70085,-0.205,-0.973,0.095,-0.866,0.302,3.266,98,61
70135,-0.214,-0.975,0.084,0.151,0.221,1.77,99,61
70182,-0.2,-0.96,0.108,0.996,0.372,1.73,98,59
70230,-0.233,-0.989,0.066,0.517,-1.221,-0.003,98,58
70277,-0.199,-0.954,0.084,0.409,-1.419,1.748,99,60
70324,-0.211,-0.97,0.08,-0.738,-1.106,1.956,99,60
70370,-0.221,-0.968,0.074,-0.355,-0.304,1.916,99,59
70417,-0.217,-0.97,0.093,-0.453,2.59,4.516,100,58
70464,-0.219,-0.948,0.105,-0.042,0.181,4.089,100,60
70511,-0.245,-0.982,0.076,-1.24,-3.032,2.469,100,59
70563,-0.225,-0.994,0.075,-0.467,-2.973,2.856,123,60
70611,-0.201,-0.98,0.057,0.342,1.817,3.447,123,59
70660,-0.251,-0.969,0.089,-1.834,0.991,2.126,122,59
70708,-0.238,-0.983,0.07,-0.558,-5.272,1.536,121,59
70756,-0.192,-0.965,0.069,-0.695,0.022,3.016,122,59
70805,-0.238,-0.963,0.095,-1.528,3.413,3.767,122,59
70853,-0.226,-0.955,0.121,0.084,-1.548,4.84,122,60
70901,-0.23,-0.985,0.07,-0.825,-3.624,1.813,122,59
70950,-0.231,-0.956,0.103,-1.066,1.655,5.192,122,60
71002,-0.249,-1.001,0.063,-0.813,-3.286,1.821,122,59
71050,-0.217,-0.961,0.095,-0.199,-1.252,2.557,122,59
71099,-0.226,-0.966,0.086,0.002,-1.969,2.383,122,60
71147,-0.256,-1.0,0.041,-1.669,-4.449,0.142,122,58
71195,-0.216,-0.957,0.096,-0.625,-0.779,5.034,122,59
71244,-0.209,-0.961,0.105,-1.223,2.673,5.575,122,60
71292,-0.226,-0.961,0.118,-1.011,-0.466,4.466,123,59
71345,-0.22,-0.96,0.088,-1.313,-1.964,3.225,185,59
71402,-0.266,-1.008,0.06,-0.976,-2.551,0.484,185,58
71451,-0.215,-0.966,0.092,0.611,-0.763,2.69,99,59
71502,-0.254,-0.978,0.062,-0.15,0.025,0.634,185,58
71554,-0.262,-0.98,0.069,-0.06,-2.549,1.014,185,58
71605,-0.221,-0.975,0.059,0.169,1.488,2.448,185,60
71653,-0.244,-0.958,0.102,-1.176,1.419,3.68,101,83
71700,-0.238,-0.987,0.067,-1.343,-1.775,1.86,99,84
71747,-0.201,-0.933,0.129,0.159,0.966,4.396,102,83
71795,-0.25,-0.977,0.086,-1.079,-2.193,1.824,99,84
71842,-0.269,-1.004,0.034,-0.327,-0.979,-0.657,30,25
71892,-0.235,-0.963,0.079,0.497,0.568,2.339,99,82
71940,-0.256,-0.992,0.06,-0.91,1.142,0.791,98,74
71987,-0.245,-0.978,0.074,-1.099,0.443,1.343,99,75
72033,-0.23,-0.952,0.089,-0.973,0.99,2.592,98,62
72079,-0.237,-0.966,0.093,-0.771,1.276,2.048,98,62
72125,-0.271,-1.004,0.064,-0.748,1.173,0.171,99,61
72171,-0.246,-0.96,0.086,-0.622,-0.927,0.519,99,63
72218,-0.25,-0.97,0.09,-1.366,-2.297,1.633,99,61
72264,-0.222,-0.957,0.095,-0.132,-0.219,2.564,100,62
72314,-0.254,-0.981,0.082,-0.439,0.264,1.785,99,76
72361,-0.242,-0.957,0.089,-0.554,1.062,1.936,99,85
72458,-0.215,-0.952,0.102,-0.207,-1.993,2.973,186,86
72509,-0.24,-0.96,0.103,-1.085,1.084,2.413,147,87
72559,-0.246,-0.968,0.105,0.295,-0.761,1.638,147,87
72610,-0.255,-0.961,0.093,-0.688,-2.684,1.719,146,88
72660,-0.276,-1.017,0.054,-0.616,-4.078,0.88,146,89
72712,-0.258,-0.982,0.061,1.078,0.15,0.811,146,88
72760,-0.26,-0.981,0.083,0.128,-1.853,1.646,99,85
72810,-0.215,-0.935,0.1,0.201,-2.494,3.094,99,84
72859,-0.216,-0.943,0.094,0.308,1.252,1.932,124,76
72906,-0.231,-0.961,0.107,-0.816,-1.622,1.037,100,77
72956,-0.255,-1.015,0.047,-2.816,-4.946,-0.508,144,75
73004,-0.256,-0.981,0.057,-3.043,-2.13,-0.69,99,75
73051,-0.234,-0.978,0.079,-2.689,-0.451,1.865,98,76
73098,-0.237,-0.98,0.104,-2.198,-0.593,1.196,100,65
73144,-0.217,-0.969,0.096,-0.678,0.417,0.089,100,64
73192,-0.232,-0.946,0.107,-1.068,0.825,-0.256,98,76
73242,-0.235,-1.014,0.079,-0.927,-2.923,-1.69,98,75
73289,-0.226,-0.957,0.086,-0.58,-0.204,-0.867,98,75
73336,-0.228,-0.959,0.1,-1.274,1.001,0.452,97,76
73383,-0.23,-0.996,0.071,-0.494,-2.779,-0.308,97,75
73431,-0.194,-0.944,0.096,-0.233,1.808,0.503,98,76
73478,-0.237,-0.976,0.09,-1.775,-1.403,1.367,98,76
73526,-0.2,-0.969,0.082,-1.207,-0.86,2.518,97,78
73573,-0.236,-0.988,0.058,-1.456,1.315,0.525,97,77
73620,-0.232,-0.975,0.083,-0.913,0.088,1.486,97,83
73671,-0.221,-0.989,0.062,-0.979,-3.189,1.529,98,83
73719,-0.202,-0.963,0.083,0.016,3.379,2.924,97,83
73766,-0.232,-0.954,0.102,-0.045,3.043,3.289,98,82
73815,-0.229,-0.987,0.088,0.829,-1.718,2.186,98,83
73861,-0.211,-0.967,0.074,0.343,0.253,0.464,98,61
73908,-0.248,-0.954,0.103,-0.813,1.816,2.633,98,62
73954,-0.242,-0.988,0.076,-0.987,-4.852,1.446,98,60
74000,-0.214,-0.956,0.09,0.226,1.681,3.031,98,61
74048,-0.247,-0.969,0.095,-1.08,-0.522,2.886,98,83
74099,-0.259,-0.999,0.016,-2.943,-4.976,-0.234,29,25
74145,-0.228,-0.984,0.058,-2.236,0.07,2.948,98,59
74191,-0.224,-0.977,0.087,-1.295,-1.189,3.831,97,60
74238,-0.215,-0.962,0.093,-2.13,-3.135,2.391,97,61
74286,-0.19,-0.961,0.097,-1.172,-1.979,2.502,98,63
74333,-0.211,-0.96,0.101,-0.467,1.914,1.419,99,76
74380,-0.253,-1.006,0.06,-2.704,-4.492,0.422,98,77
74428,-0.198,-0.983,0.057,-1.499,-2.319,1.234,98,77
74475,-0.218,-0.981,0.068,-1.964,2.738,1.131,98,77
74526,-0.209,-0.974,0.109,-0.028,3.172,1.875,97,76
74573,-0.213,-0.96,0.1,-0.724,1.048,0.652,97,78
74620,-0.219,-0.974,0.092,-0.745,0.061,-1.457,96,77
74669,-0.233,-0.998,0.059,0.063,1.764,-2.482,95,79
74716,-0.235,-0.963,0.094,-0.694,2.419,-0.104,96,84
74764,-0.223,-0.964,0.101,0.015,0.664,1.499,96,84
74812,-0.194,-0.953,0.102,0.655,6.577,4.954,97,84
74903,-0.258,-0.966,0.085,0.407,1.578,2.652,97,79
74950,-0.235,-0.991,0.043,-1.17,-5.458,1.361,96,77
75001,-0.23,-0.992,0.035,-2.707,0.992,1.163,96,76
75048,-0.227,-0.979,0.097,-1.385,1.748,2.74,96,84
75097,-0.232,-0.99,0.085,-1.901,-2.265,0.81,97,84
75145,-0.225,-0.968,0.107,-0.734,-0.587,1.225,96,85
75193,-0.243,-0.992,0.1,-0.168,-1.677,1.333,97,84
75241,-0.222,-0.976,0.078,1.974,-0.302,2.685,98,84
75289,-0.262,-0.994,0.055,1.022,1.544,1.118,99,84
75337,-0.234,-0.968,0.089,1.682,-2.572,3.353,99,84
75384,-0.2,-0.959,0.057,1.309,0.983,3.273,98,62
75433,-0.245,-0.958,0.082,-0.942,0.624,2.359,97,61
75481,-0.222,-0.936,0.104,-1.216,-2.725,5.649,98,62
75528,-0.225,-0.987,0.066,-1.776,-5.48,2.721,98,61
75575,-0.206,-0.945,0.114,-0.074,-0.049,7.126,101,63
75626,-0.242,-0.999,0.07,-2.376,-4.419,3.884,183,63
75679,-0.209,-0.981,0.081,-0.695,-3.89,3.411,183,79
75732,-0.202,-0.967,0.08,-0.093,2.403,2.843,183,79
75780,-0.223,-0.971,0.093,-0.475,-2.05,-0.117,95,61
75826,-0.209,-0.969,0.06,-1.277,-3.174,-1.444,95,61
75885,-0.228,-0.967,0.079,-2.838,-1.872,-1.805,96,60
75939,-0.222,-0.98,0.057,-3.545,-5.306,-1.995,183,61
75994,-0.208,-0.959,0.074,-2.406,-0.433,-0.577,183,52
76042,-0.205,-0.961,0.106,-1.563,-0.54,3.233,97,51
76091,-0.203,-0.957,0.11,-0.224,-1.53,3.555,96,51
76139,-0.168,-0.958,0.08,0.501,3.954,4.77,97,51
76188,-0.259,-1.021,0.07,-2.649,-1.141,0.772,94,51
76236,-0.221,-0.986,0.078,-0.993,-3.312,1.772,95,51
76285,-0.235,-0.975,0.068,-2.536,-1.36,2.14,96,51
76338,-0.221,-0.991,0.066,0.437,-0.878,1.135,97,52
76386,-0.231,-0.976,0.068,0.401,-0.442,0.042,97,51
76439,-0.235,-0.988,0.036,-1.528,-1.105,0.091,183,51
76488,-0.226,-0.958,0.079,-1.91,-0.708,1.554,98,51
76537,-0.229,-0.993,0.049,-4.604,-3.503,1.155,96,52
76587,-0.208,-0.969,0.082,-2.915,1.247,1.906,96,51
76635,-0.223,-0.979,0.095,-2.125,-1.726,1.065,96,52
76684,-0.214,-0.975,0.086,-2.37,-5.093,-0.082,96,51
76733,-0.179,-0.973,0.076,0.013,2.368,0.161,96,59
76785,-0.268,-1.012,0.064,-1.543,-0.274,-0.972,97,58
76834,-0.183,-0.957,0.086,0.871,-0.059,0.4,98,60
76883,-0.197,-0.942,0.095,-0.569,1.865,0.73,98,59
76933,-0.225,-0.988,0.064,-1.595,-2.563,0.619,98,59
76982,-0.267,-0.985,0.101,-2.777,-13.258,1.194,98,58
77032,-0.187,-0.951,0.092,0.068,-20.282,1.42,97,58
77081,-0.216,-0.953,0.105,-0.397,-23.374,2.378,98,59
77129,-0.308,-0.989,0.152,-1.477,-43.275,1.766,97,49
77178,-0.448,-0.955,0.232,0.496,-72.618,11.77,96,48
77230,-0.467,-0.967,0.208,-3.211,-129.092,15.443,82,48
77280,-0.448,-1.017,0.16,7.049,-149.076,28.16,83,80
77333,-0.573,-1.024,0.308,12.595,-175.122,42.527,93,134
