Timestamp(ms),AccelX(g),AccelY(g),AccelZ(g),GyroX(deg/s),GyroY(deg/s),GyroZ(deg/s),DistanceLeft(cm),DistanceRight(cm)
174723,-0.898,0.406,-0.057,55.16,12.096,-69.122,0,0
174816,-0.912,0.422,0.046,20.926,48.972,-45.756,0,0
174901,-0.775,-0.043,-0.21,26.405,-31.784,-25.786,0,50
174980,-0.947,0.546,0.251,22.537,38.572,-36.985,98,57
175064,-1.114,0.375,0.011,-144.847,-21.609,-61.543,0,45
175148,-1.142,0.267,0.224,-76.962,-6.37,59.913,0,48
175233,-0.945,0.676,-0.33,-98.992,-1.673,50.166,0,52
175320,-0.98,0.345,-0.496,-250.137,3.699,58.656,0,63
175406,-1.043,0.186,-0.28,-79.687,-29.882,90.069,0,72
175493,-0.982,0.152,-0.201,-129.259,-47.626,123.374,0,88
175580,-0.901,0.225,-0.068,-41.718,-18.031,89.931,0,101
175668,-0.93,0.043,-0.006,-49.748,-34.299,-113.897,0,112
175758,-0.81,0.406,0.321,18.527,32.109,-29.412,0,132
175846,-0.932,0.475,0.076,46.672,20.205,-99.45,0,114
175939,-1.015,0.193,-0.027,72.527,3.806,-108.366,0,0
176022,-1.02,0.368,-0.066,58.664,6.266,-94.611,0,17
176108,-0.907,0.385,-0.025,-2.99,14.443,-50.015,0,16
176191,-0.888,0.167,-0.135,-52.771,-9.194,-49.435,0,20
176272,-0.987,0.431,0.205,-64.565,22.034,-51.817,166,30
176359,-1.131,0.225,-0.019,-80.489,-20.634,-32.962,158,112
176444,-1.322,0.525,-0.119,-129.832,-25.885,58.775,0,65
176530,-0.909,0.346,-0.135,-200.237,-55.099,77.855,0,72
176617,-1.24,0.603,-0.322,-176.45,-65.58,83.137,0,72
176703,-1.329,0.263,-0.167,-250.137,-94.115,116.595,0,70
176793,-1.125,0.655,0.094,-186.405,-128.122,158.702,0,85
176880,-1.058,0.204,0.498,-221.58,-163.466,134.107,0,95
176973,-0.634,-0.077,0.655,-144.176,-164.748,98.756,5,5
177068,-0.182,-0.121,0.614,-54.321,-83.504,53.595,0,0
177153,-0.175,-0.15,0.689,-39.878,-31.924,41.023,51,0
177236,-0.172,-0.079,0.783,9.994,18.952,36.206,48,0
177321,-0.089,-0.209,0.893,-26.975,4.214,45.962,51,0
177406,-0.144,-0.217,0.933,-5.045,-8.902,40.427,45,0
177491,-0.084,-0.279,0.983,-26.173,-32.239,-33.07,43,0
177579,-0.097,-0.25,1.011,7.465,-3.274,53.76,52,0
177664,-0.094,-0.195,1.023,37.229,18.58,101.998,58,0
177747,-0.06,-0.202,1.078,22.489,-35.911,-31.721,34,0
177832,-0.057,-0.076,0.937,-44.304,-31.516,-6.443,49,0
177926,-0.04,0.054,0.874,48.45,12.779,24.632,0,196
178019,-0.261,-0.098,0.715,83.702,33.832,-42.277,0,190
178112,-0.139,-0.019,0.653,156.145,80.084,5.054,0,186
178205,-0.557,0.454,0.488,204.916,130.687,-48.74,0,0
178290,-0.921,0.799,0.467,114.641,110.183,-90.534,0,57
178387,-1.028,0.522,0.453,51.13,72.534,-114.466,0,0
178479,-1.175,0.319,0.26,230.962,41.069,-131.939,0,174
178571,-1.055,0.519,-0.139,214.328,41.677,-114.305,0,172
178663,-1.122,0.612,-0.093,45.264,30.679,-72.611,0,170
178755,-0.844,0.213,0.066,-42.803,15.394,3.684,0,171
178847,-0.821,0.176,0.029,-18.073,-0.45,-19.012,0,174
178939,-0.873,0.159,-0.037,-57.659,-7.862,-40.052,0,184
179033,-1.375,0.4,-0.008,-2.431,1.763,30.032,0,187
179129,-0.936,0.189,-0.064,-39.546,-27.0,90.244,0,197
179215,-1.138,0.138,-0.23,38.214,-42.718,121.977,0,63
179301,-0.671,0.51,-0.204,34.863,-19.481,102.618,0,72
179388,-0.737,0.432,-0.191,-42.702,1.389,40.901,0,77
179474,-0.834,0.537,-0.17,-44.214,-6.145,-67.987,0,66
179561,-0.761,0.356,-0.029,-32.107,3.367,-49.375,0,79
179648,-0.684,0.632,0.014,49.963,15.526,-42.733,0,87
179735,-0.786,0.547,0.027,30.573,4.526,-87.58,0,88
179821,-1.166,0.499,-0.041,86.626,-4.617,-148.336,0,85
179918,-1.122,0.574,-0.073,27.878,24.152,-127.305,0,0
180012,-1.092,0.26,0.058,-137.58,14.836,-46.725,0,0
180106,-0.929,-0.148,-0.08,-139.886,-27.014,-95.652,0,0
180194,-0.808,0.565,0.355,68.841,13.548,77.002,0,101
180287,-0.913,0.349,0.202,-66.893,-1.661,48.544,0,0
180381,-0.948,0.3,0.042,-74.053,-13.206,23.561,0,0
180473,-0.962,0.507,-0.031,-137.916,-23.547,-41.451,0,181
180567,-1.099,0.411,-0.024,-60.557,-6.469,36.939,0,189
180661,-0.979,0.168,-0.061,-64.725,-25.494,86.702,0,0
180750,-1.073,0.287,-0.12,-31.661,-21.099,84.237,0,76
180844,-0.871,0.455,-0.165,18.152,13.393,113.786,0,0
180929,-0.792,0.243,-0.079,-40.321,2.754,79.489,0,57
181015,-0.824,0.54,0.152,-69.969,23.934,41.427,179,83
181102,-0.969,0.791,0.169,-19.279,2.853,11.975,0,78
181187,-0.592,0.837,0.211,-9.01,35.237,6.309,191,57
181271,-0.657,0.731,0.398,-25.613,44.812,2.795,175,58
181355,-0.736,0.614,-0.041,-31.662,39.71,-71.579,161,61
181444,-0.314,0.723,0.126,5.587,82.748,-83.679,0,61
181531,-0.821,-0.086,0.299,-10.919,46.779,-250.137,0,85
181625,-1.895,-0.098,-0.405,172.015,-19.053,-229.405,0,0
181719,-0.656,-0.096,-0.422,250.13,52.489,163.611,0,0
181808,-1.292,0.158,0.529,-16.226,1.727,-8.013,104,0
181895,-1.162,-0.087,-0.24,-98.565,-27.489,14.246,93,0
181982,-1.2,-0.791,-0.087,14.288,7.733,137.183,83,0
182069,-0.611,0.568,-0.065,10.194,22.539,58.486,76,0
182163,-0.65,0.91,-0.41,-16.226,12.011,-12.543,196,0
182259,-1.141,0.256,0.003,13.198,18.921,43.871,188,0
182351,-0.89,0.645,-0.32,17.756,59.586,95.847,179,0
182444,-1.126,0.659,0.575,-77.061,69.651,56.656,169,0
182531,-0.937,0.234,-0.04,-50.473,-0.804,-3.881,160,112
182617,-0.832,0.512,-0.26,-63.916,21.54,0.49,153,120
182704,-0.868,0.126,0.189,-62.301,15.362,13.284,145,125
182794,-0.63,0.52,0.037,-66.672,4.853,-31.695,137,0
182884,-0.773,0.567,-0.079,-62.573,23.414,8.728,129,0
182968,-1.102,0.218,-0.123,23.282,-3.593,-17.641,121,99
183049,-0.527,0.521,-0.108,10.401,7.735,-35.099,114,103
183138,-0.932,0.62,-0.226,-56.443,5.931,23.371,108,0
183218,-0.984,0.017,-0.129,-54.313,-9.004,-26.536,102,60
183299,-0.975,-0.191,0.043,-38.792,-24.087,-13.359,97,65
183379,-1.184,0.012,-0.294,-40.548,-37.934,-33.21,92,70
183464,-1.066,0.305,0.028,-84.214,11.851,2.597,89,166
183546,-1.2,0.162,0.146,-54.29,-8.186,20.453,86,89
183634,-0.923,0.372,0.076,-73.649,14.578,57.39,0,95
183727,-0.823,0.092,-0.023,-50.374,-2.265,39.763,0,104
183816,-0.85,0.403,0.034,3.679,28.571,30.036,0,113
183906,-0.784,0.549,-0.055,-53.336,-7.075,-14.843,0,121
183998,-1.201,0.267,-0.142,-110.496,41.695,12.529,0,157
184090,-0.887,0.012,0.188,-61.038,34.724,-1.596,0,165
184182,-1.045,0.466,-0.178,-82.153,35.848,17.282,0,174
184283,-0.912,0.577,-0.113,51.188,31.12,19.835,0,192
184376,-1.032,-0.054,-0.058,107.55,7.641,31.427,0,186
184467,-0.999,-0.182,-0.006,62.25,12.886,13.246,0,162
184562,-0.995,0.746,0.008,39.489,11.77,19.327,0,188
184655,-1.002,0.173,0.045,79.519,-21.078,-4.685,0,0
184748,-0.979,0.624,-0.187,-139.145,4.253,-22.436,0,177
184841,-0.969,0.579,0.06,55.29,-13.571,-8.508,0,0
184933,-0.816,-0.328,0.183,29.641,-8.879,-15.393,0,179
185025,-0.876,0.595,-0.027,-43.26,24.346,-3.763,0,185
185117,-0.907,0.562,-0.083,-82.702,-0.712,-16.036,0,186
185209,-1.163,0.159,-0.168,1.53,33.258,34.457,0,178
185304,-0.937,-0.331,0.115,-61.107,-26.862,-40.645,0,171
185396,-0.984,0.782,-0.523,-167.076,-5.675,-20.099,0,174
185488,-0.994,-0.192,-0.014,162.534,5.538,10.782,0,176
185580,-1.042,-0.358,0.254,-26.119,30.087,-34.16,0,186
185673,-0.965,0.599,-0.224,-2.054,9.854,-27.237,0,187
185765,-0.872,-0.14,-0.006,93.496,-23.511,-26.573,0,189
185860,-1.098,0.009,-0.069,40.053,-24.817,-50.137,0,0
185953,-1.309,0.14,-0.119,27.29,-21.762,-49.939,0,0
186046,-0.971,0.528,-0.051,-8.679,-20.366,4.42,0,0
186142,-0.89,0.597,-0.248,-67.282,-31.192,-2.061,0,0
186235,-1.017,-0.227,-0.01,-18.079,-1.21,11.87,196,0
186329,-0.87,-0.332,0.507,11.878,4.062,32.878,189,0
186421,-0.932,0.151,-0.033,21.866,8.282,13.385,181,0
186513,-1.095,0.113,-0.027,-3.221,22.354,15.122,175,0
186604,-1.077,-0.206,-0.077,-72.824,-7.398,-38.085,167,196
186695,-1.122,-0.262,0.364,9.932,7.939,54.282,162,0
186785,-0.858,0.058,-0.112,-94.369,-26.052,-21.057,146,0
186878,-0.844,0.159,-0.001,-1.703,-0.563,20.781,137,0
186968,-0.879,0.153,-0.046,-34.76,4.504,-23.771,131,0
187057,-0.902,-0.096,0.171,-33.602,14.345,-26.099,124,0
187146,-1.067,0.141,0.515,20.267,29.149,-26.137,118,0
187235,-0.938,0.149,0.47,-65.466,-26.481,-11.022,111,0
187323,-0.845,0.348,-0.333,13.832,-39.679,25.355,103,0
187410,-0.96,0.148,-0.124,-2.296,26.14,1.707,97,0
187497,-1.039,0.056,0.11,-66.115,17.138,-12.323,89,0
187584,-1.017,-0.042,0.385,-88.427,11.927,-18.718,85,0
187674,-0.949,-0.07,0.082,-66.901,-28.26,-46.046,77,0
187759,-0.884,0.103,0.064,-80.908,-26.992,-12.611,186,65
187845,-1.004,-0.028,0.046,-83.489,-12.83,16.71,0,72
187932,-1.075,-0.062,0.012,-91.153,-23.425,19.453,0,80
188019,-0.963,-0.138,-0.04,-155.046,-21.603,1.957,0,91
188107,-1.202,-0.426,-0.125,-35.199,-24.198,23.084,0,101
188196,-0.825,-0.522,-0.167,-100.473,-8.895,-0.703,0,111
188285,-0.634,-0.296,-0.133,-33.253,-4.777,-20.3,0,119
188378,-0.872,-0.207,-0.207,25.214,20.607,-29.0,0,124
188468,-1.06,0.006,0.414,-51.336,66.962,11.973,0,132
188558,-1.206,-0.39,0.58,84.466,-0.6,72.031,0,141
188648,-1.011,-0.217,0.087,-46.29,-3.767,25.58,0,150
188739,-0.746,0.057,-0.049,46.779,-3.913,11.327,0,158
188831,-0.814,0.102,0.211,-56.435,6.276,21.429,0,168
188923,-1.333,0.686,0.071,130.284,34.178,52.58,0,180
189018,-1.326,0.003,0.014,-82.42,-9.891,41.168,0,195
189111,-0.925,-0.604,0.028,-127.076,-22.389,26.431,0,0
189208,-0.81,0.383,-0.395,62.305,-21.802,-31.458,0,0
189301,-0.814,-0.686,0.424,93.023,-20.786,-2.001,0,0
189395,-0.908,-0.336,0.28,18.809,-25.008,4.781,0,0
189489,-1.226,-0.056,0.116,-11.367,-21.176,-17.955,0,0
189579,-0.863,0.514,-0.243,-137.687,-59.579,-31.656,43,5
189673,-0.964,0.137,0.067,66.0,-31.611,10.624,0,0
189766,-0.802,-0.188,0.054,-42.554,-8.86,2.541,0,0
189860,-0.653,0.101,0.064,-101.86,-2.968,-43.855,0,0
189948,-0.857,0.067,0.068,-118.188,-16.723,3.193,110,0
190040,-1.321,-0.023,-0.146,-88.901,-27.549,7.424,98,0
190129,-1.259,-0.354,0.135,-94.313,-31.131,11.076,120,0
190218,-1.146,-0.372,0.275,-97.29,-21.725,52.982,109,0
190311,-0.893,-0.382,0.047,12.508,-28.779,21.731,0,0
190405,-0.67,-0.312,-0.035,-115.903,-51.028,-15.389,0,0
190492,-0.719,-0.34,0.042,57.237,-16.076,7.943,87,0
190586,-1.383,0.081,0.106,-50.977,24.185,0.387,0,0
190680,-1.088,0.144,0.644,-204.702,66.145,18.286,0,0
190774,-0.992,-0.25,0.412,66.511,9.374,28.907,0,0
190871,-0.882,-0.423,0.252,18.985,-17.048,-6.486,0,0
190958,-0.748,0.404,0.033,-158.023,2.904,-20.328,85,0
191051,-0.741,0.311,0.019,-39.595,-10.609,24.761,0,0
191139,-1.261,-0.318,0.066,-46.74,-18.798,-4.596,98,0
191234,-1.249,-0.117,-0.114,-41.038,5.594,36.672,0,0
191327,-1.029,-0.914,0.239,-56.664,-18.595,80.402,0,176
191419,-0.624,0.281,-0.551,-250.137,-14.836,-21.916,0,183
191513,-0.573,0.251,-0.403,164.908,-28.672,37.817,0,192
191609,-1.458,-0.938,0.334,141.267,-23.458,35.977,193,0
191703,-1.132,-0.705,0.364,-131.817,-1.81,1.272,182,0
191794,-0.894,-0.047,-0.03,-67.649,-10.434,12.317,144,0
191884,-0.778,-0.203,-0.048,60.763,-8.027,-31.562,136,0
191974,-0.855,-0.326,0.362,43.298,1.567,-16.36,132,0
192064,-0.984,-0.448,0.395,-125.87,-10.905,-35.763,145,0
192154,-0.863,0.362,0.063,-58.962,-14.427,17.459,130,0
192243,-1.375,-0.128,0.035,11.11,-12.922,59.008,117,0
192333,-1.167,-0.499,-0.066,-158.42,-7.922,19.683,118,0
192420,-0.872,-0.174,-0.157,30.813,0.421,32.94,91,123
192507,-0.798,-0.698,0.063,28.481,-32.887,0.595,85,0
192589,-0.784,-0.405,-0.004,-67.71,-5.736,-26.039,86,109
192673,-0.813,-0.203,0.225,13.679,13.534,41.682,77,138
192763,-1.151,0.031,-0.003,-39.603,22.277,36.285,0,123
192854,-1.088,-0.16,0.359,27.511,3.185,38.618,200,132
192944,-1.097,-0.403,0.086,-67.894,-21.978,1.33,192,138
193034,-0.892,0.151,-0.073,17.336,-16.546,-21.29,186,144
193127,-0.908,0.045,-0.189,-76.924,-15.824,-44.221,176,150
193217,-0.903,0.447,0.297,-78.901,9.954,-10.442,168,157
193306,-0.826,0.592,0.247,39.389,-9.48,38.954,159,168
193397,-1.558,-0.654,0.267,-125.595,-14.147,29.808,149,181
193487,-0.936,0.662,-0.453,-147.55,-3.594,40.566,136,0
193571,-1.055,-0.695,0.0,250.13,-48.763,34.618,124,98
193651,-1.015,-1.191,0.268,-216.389,-4.387,-18.443,116,33
193731,-0.83,0.666,-0.451,-49.366,-16.141,-41.668,109,38
193814,-0.956,-0.378,0.07,115.214,-20.508,-4.613,104,47
193898,-0.91,-0.149,0.065,146.344,4.094,36.679,99,122
193978,-1.366,-0.466,0.36,-149.595,26.461,8.197,94,61
194066,-0.905,0.873,0.022,45.908,-1.466,-1.309,90,0
194154,-1.109,-0.742,0.668,17.71,-25.11,-5.553,85,0
194241,-0.789,0.881,-0.143,-55.466,-2.762,-0.906,80,0
194328,-0.852,-0.152,0.294,42.55,-12.65,15.281,75,0
194409,-0.771,0.275,0.013,-178.405,-8.862,-19.863,69,95
194490,-0.731,0.098,-0.074,132.588,-27.183,-30.175,64,103
194574,-1.071,0.557,-0.178,-173.641,35.054,-2.4,58,113
194660,-1.156,0.49,-0.056,46.191,51.429,52.924,53,0
194751,-1.196,-0.586,0.034,-211.427,42.847,-5.419,0,145
194836,-0.879,0.522,-0.158,-97.13,37.247,16.24,55,180
194930,-1.023,-0.486,0.27,17.125,2.368,18.42,0,0
195023,-0.994,0.092,-0.091,-105.519,-37.316,-33.966,0,184
195117,-0.758,-0.088,-0.125,168.519,-26.74,-5.969,0,185
195203,-1.32,-0.067,0.517,-107.489,62.825,-24.893,57,189
195297,-0.948,0.601,0.28,108.244,8.504,20.655,0,0
195394,-1.146,-0.399,0.468,-126.947,-7.81,8.006,0,0
195489,-0.855,1.304,-0.43,-117.0,2.831,-37.008,0,0
195584,-0.942,-0.342,0.374,66.534,-21.005,-17.259,0,0
195677,-1.105,-0.206,0.199,-163.313,12.109,-17.55,0,186
195777,-0.786,0.116,-0.032,-205.45,7.67,-38.595,0,195
195869,-1.262,0.145,-0.147,-98.817,37.121,60.745,0,178
195954,-1.02,-0.231,-0.175,-122.26,-2.812,13.066,0,58
196045,-1.002,-0.321,-0.063,71.252,-31.751,44.626,194,168
196142,-0.99,-0.146,-0.077,-189.076,41.067,28.371,0,0
196233,-0.799,0.848,-0.333,79.489,-13.948,49.679,182,177
196325,-0.856,0.12,0.122,-76.397,14.293,-5.205,176,0
196416,-1.047,-0.001,0.03,146.435,-36.748,42.053,170,0
196509,-0.934,-0.49,0.267,-23.029,-23.748,-4.784,0,0
196600,-0.728,1.528,-0.555,-236.298,71.666,-58.687,158,0
196694,-1.061,-0.225,0.073,250.13,-30.206,36.687,0,0
196787,-1.157,-1.04,0.566,-7.112,0.692,-0.773,0,0
196877,-0.975,-0.075,0.117,-109.168,29.271,-44.969,143,0
196970,-0.697,0.739,-0.09,-99.817,36.939,-30.427,138,0
197059,-0.746,0.565,-0.007,93.809,36.648,50.18,131,0
197152,-0.896,-0.197,-0.192,-146.74,37.672,-33.176,0,0
197246,-1.227,0.381,-0.385,17.107,-12.293,39.924,0,0
197340,-1.015,0.241,-0.379,-102.588,18.573,70.947,0,0
197424,-0.947,0.115,-0.227,-123.267,11.06,47.137,0,30
197508,-1.039,0.093,-0.197,-152.603,-7.535,81.344,0,37
197593,-1.05,0.156,-0.087,-87.099,-43.66,119.008,0,46
197681,-0.829,0.729,-0.045,-81.878,14.322,94.153,0,55
197767,-0.736,0.905,0.068,-109.878,-3.396,54.809,0,61
197854,-0.952,0.85,0.202,-184.321,17.638,63.244,0,100
197943,-0.655,0.209,0.435,-126.595,-23.038,71.695,0,109
198032,-0.567,0.357,0.481,-75.427,-30.534,62.962,0,128
198121,-0.053,0.729,0.524,-59.687,-22.733,54.328,0,121
198201,-0.241,0.526,0.698,-52.824,11.618,46.786,40,124
198282,-0.294,0.537,0.765,-49.832,58.345,47.191,46,133
198369,-0.281,0.581,0.829,-14.807,30.292,51.466,0,87
198461,-0.23,0.6,0.718,-42.29,22.138,54.893,0,129
198548,-0.26,0.662,0.704,45.187,81.362,44.374,0,87
198638,-0.269,0.543,0.75,-22.111,19.866,42.504,0,131
198727,-0.208,0.6,0.74,-22.394,19.541,25.564,0,129
198816,-0.272,0.303,0.811,-56.904,-8.284,-17.245,0,131
198906,-0.245,0.507,0.841,-46.644,-12.741,-24.861,0,130
198995,-0.808,0.184,0.88,33.305,-27.914,-29.267,0,128
199086,-0.431,0.509,0.629,26.053,42.209,-8.328,0,131
199165,-0.612,0.037,0.71,106.221,41.427,-23.145,38,127
199248,-0.622,0.629,0.623,60.29,39.557,-66.656,46,126
199329,-0.61,0.539,0.474,145.527,37.16,-53.115,43,131
199418,-0.309,1.047,0.343,83.504,34.725,-37.771,0,117
199508,-0.264,0.955,0.416,49.372,34.939,41.41,0,135
199587,-0.465,1.008,0.421,106.038,31.638,113.336,52,101
199667,0.005,2.0,-0.553,201.267,96.344,250.13,46,102
199752,0.174,1.172,-0.492,-8.905,250.13,204.42,125,111
199831,-0.249,1.453,-0.455,26.221,125.725,38.786,36,116
199924,0.322,0.517,-0.215,-11.116,128.962,-29.015,126,0
200008,0.295,1.028,-0.208,41.015,75.527,-18.174,31,0
200092,0.466,0.733,-0.03,-54.105,52.382,-12.725,28,0
200176,0.396,0.89,-0.125,-14.665,60.316,4.814,34,0
200260,0.469,1.022,-0.114,23.93,22.103,21.591,35,0
200344,0.426,0.887,-0.052,-41.617,-18.015,-10.678,23,0
200433,0.408,1.531,-0.448,79.237,-10.122,17.236,122,0
200517,0.395,0.756,0.032,41.779,-7.403,-17.471,24,0
200601,0.375,0.874,-0.04,13.366,29.776,9.391,33,0
200687,0.363,0.837,-0.095,-12.271,3.225,-16.697,23,0
200777,0.509,1.052,-0.083,-19.901,52.397,-4.271,124,0
200866,0.487,1.067,-0.128,22.336,64.618,-23.428,125,0
200950,0.505,1.014,-0.184,7.832,68.061,39.0,30,0
201034,0.448,0.62,-0.18,28.794,33.908,-19.084,29,0
201118,0.347,0.972,-0.349,20.244,66.809,-29.649,34,0
201202,0.476,0.788,-0.081,21.206,20.965,4.695,23,0
201286,0.577,0.99,-0.172,-8.958,-17.756,-22.289,27,0
201369,0.444,1.012,-0.182,-6.235,-34.346,-19.695,21,0
201456,0.512,1.009,-0.165,2.43,-17.45,-5.239,25,0
201540,0.399,0.91,-0.203,0.866,-3.212,7.578,23,0
201624,0.366,0.823,-0.228,26.74,5.484,16.004,28,0
201708,0.414,1.19,-0.32,20.71,14.908,-8.738,21,0
201791,0.369,0.902,-0.162,47.611,37.649,-6.006,23,0
201875,0.403,0.741,-0.116,35.664,36.443,-19.351,11,0
201959,0.429,0.91,-0.207,16.924,74.527,2.68,26,0
202043,0.36,0.835,-0.164,28.359,78.321,-31.718,13,0
202126,0.493,1.004,-0.354,30.267,51.366,-9.073,17,0
202219,0.476,0.995,-0.361,51.176,40.382,15.328,126,0
202303,0.476,0.794,-0.399,17.237,33.991,-2.901,22,0
202386,0.465,0.684,-0.249,21.939,41.287,2.486,24,0
202470,0.36,0.938,-0.337,33.873,60.649,17.653,35,0
202561,0.472,0.782,-0.251,-17.555,26.267,-22.626,150,0
202645,0.462,0.688,-0.224,32.031,10.793,-19.465,30,0
202729,0.325,1.065,-0.446,26.316,65.684,24.952,20,0
202820,0.312,1.045,-0.474,29.957,11.295,11.215,154,0
202903,0.415,1.033,-0.312,14.519,-7.391,-11.919,19,0
202990,0.417,0.638,-0.151,0.54,4.457,-3.436,23,0
203081,0.363,0.765,-0.194,20.87,54.002,14.788,143,0
203164,0.422,0.914,-0.226,-5.394,64.656,-12.782,20,0
203255,0.477,0.918,-0.339,19.046,54.458,-36.031,144,0
203339,0.646,1.065,-0.495,49.656,55.023,27.586,24,0
203423,0.459,0.598,-0.261,32.115,34.847,-18.759,26,0
203507,0.542,0.72,-0.245,21.725,38.221,13.004,39,178
203590,0.45,1.005,-0.303,-27.735,11.102,-16.125,35,173
203674,0.4,0.687,-0.118,-34.433,-19.761,-22.298,23,0
203761,0.481,0.813,-0.157,-24.137,20.899,-25.359,28,0
203843,0.394,1.237,-0.375,22.214,13.296,-5.872,22,157
203923,0.343,0.895,-0.252,1.215,36.931,5.325,25,138
204007,0.311,0.775,-0.237,18.855,-103.205,-23.534,6,5
204089,0.454,0.846,-0.228,15.272,45.298,17.077,24,151
204169,0.286,1.052,-0.257,42.313,62.183,15.831,27,133
204253,0.387,0.704,-0.016,20.496,60.786,-21.763,26,0
204332,0.477,0.851,-0.22,-12.198,71.214,26.232,24,125
204426,0.395,1.279,-0.441,76.985,63.015,13.978,139,0
204510,0.574,0.555,-0.148,27.427,52.366,11.248,23,0
204594,0.444,0.771,-0.254,-43.809,3.48,-22.16,25,0
204674,0.53,1.217,-0.424,34.771,0.94,-14.605,19,125
204753,0.462,0.655,-0.098,47.855,46.665,-30.412,31,116
204833,0.61,0.718,-0.069,-44.833,-6.933,-30.217,26,116
204912,0.467,1.072,-0.238,-61.763,19.796,-0.126,21,114
204998,0.453,1.112,-0.246,24.557,-20.725,-27.238,141,114
205078,0.587,0.444,0.022,-6.121,54.048,29.183,29,115
205160,0.355,1.32,-0.307,22.506,43.198,24.948,24,115
205240,0.291,0.846,0.001,48.687,104.515,-22.84,32,117
205326,0.554,0.288,-0.1,-64.779,-39.601,-25.72,133,117
205406,0.57,1.178,-0.192,-57.396,42.382,-0.691,27,117
205485,0.313,1.177,-0.096,25.458,44.16,-7.458,26,117
205565,0.579,0.868,0.504,46.901,50.443,46.552,33,119
205649,0.516,1.247,-0.117,19.817,55.802,36.87,37,0
205729,0.448,0.695,0.02,66.733,37.626,52.847,28,120
205813,0.72,0.689,-0.084,55.106,48.382,44.523,32,0
205901,0.571,1.267,-0.309,24.634,65.198,52.556,38,0
205985,0.459,0.812,0.045,49.038,52.748,19.331,23,0
206069,0.57,0.664,0.202,4.5,52.974,11.487,28,0
206154,0.621,1.177,-0.092,-39.937,-15.53,13.124,21,0
206238,0.642,1.042,0.031,-1.782,45.231,22.918,34,0
206323,0.342,1.084,-0.048,69.809,-2.17,-47.061,27,0
206403,0.546,0.242,0.169,-40.145,8.59,0.69,30,122
206483,0.51,1.389,-0.246,27.794,-7.946,2.048,27,120
206563,0.493,1.08,-0.044,33.672,44.588,11.294,24,121
206652,0.069,0.901,-0.101,65.282,4.672,-33.328,30,120
206731,0.682,0.614,0.44,25.557,47.45,13.054,34,120
206810,0.607,1.391,-0.074,20.206,63.832,73.995,41,120
206889,0.333,0.964,-0.141,54.939,50.573,-26.696,26,119
206968,0.71,0.079,0.389,-39.546,40.374,-1.772,27,121
207047,0.738,1.315,-0.272,-56.122,59.718,-2.728,30,122
207131,0.446,1.054,-0.127,52.023,52.382,16.071,32,0
207210,0.42,0.761,0.259,40.542,51.24,7.886,30,123
207292,0.638,0.652,0.235,13.885,29.409,20.856,74,123
207377,0.685,1.152,0.068,-24.098,34.053,-4.175,71,123
207459,0.503,1.011,0.103,1.246,3.187,-3.145,16,0
207542,0.547,0.702,0.085,-4.731,-5.915,-12.296,16,0
207621,0.58,0.857,0.014,29.076,7.708,7.346,16,124
207698,0.51,0.517,0.181,-8.53,-9.528,-28.351,17,124
207780,0.6,1.059,-0.024,-53.382,-27.466,40.954,64,123
207861,0.523,1.048,-0.018,14.067,-12.312,-4.297,63,124
207942,0.522,0.997,0.091,13.305,-9.598,-37.99,64,123
208026,0.622,0.244,0.347,14.789,34.388,-17.542,65,124
208108,0.542,1.405,-0.249,27.763,21.453,26.116,68,121
208187,0.57,0.599,0.306,29.061,54.107,-23.031,27,121
208266,0.698,0.828,0.38,13.42,47.649,77.534,38,121
208346,0.603,1.245,-0.094,18.527,44.763,39.122,37,121
208424,0.563,0.561,-0.054,46.244,-15.855,-16.745,24,123
208503,0.698,0.317,-0.02,6.314,5.143,-0.025,21,124
208583,0.474,1.16,-0.056,43.664,20.482,1.04,23,123
208666,0.558,0.529,0.243,31.908,-9.917,-22.321,23,0
208753,0.749,0.562,0.013,-99.185,-42.032,-62.665,26,0
208832,0.498,1.297,-0.119,39.809,-27.427,-31.26,18,120
208911,0.528,0.668,0.062,-61.002,-28.053,-44.031,24,119
208990,0.38,0.806,-0.153,-121.664,-19.069,-23.336,9,35
209069,0.27,0.751,-0.088,-1.242,-33.71,-56.023,30,116
209147,0.264,0.985,-0.018,29.275,-52.618,-78.397,24,113
209226,0.212,1.187,0.026,-123.344,-29.733,-114.504,19,110
209304,0.171,1.058,0.192,-147.672,1.087,-125.977,27,109
209383,0.138,0.967,0.5,-189.733,48.977,-76.351,33,108
209466,-0.097,0.736,0.733,-203.405,58.832,-49.519,36,120
209547,-1.013,0.756,0.986,-115.473,41.496,-29.084,29,148
209629,-0.294,0.511,0.877,-55.336,-42.844,42.153,32,149
209711,-0.478,0.544,0.743,-46.542,-21.365,3.127,43,138
209792,-0.238,0.426,0.761,-6.15,-4.357,34.985,44,140
209868,-0.218,0.378,0.781,-30.411,1.476,9.179,41,60
209945,-0.249,0.55,0.879,-40.664,11.631,36.018,52,58
210026,-0.258,0.449,0.967,3.487,11.274,15.994,52,144
210108,-0.159,0.333,0.947,-0.871,7.783,-1.109,45,99
210187,-0.27,0.229,0.994,-28.141,7.212,-8.062,39,96
210266,-0.314,0.353,0.874,-9.32,-3.21,13.243,47,92
210344,-0.258,0.364,0.89,-10.278,-4.173,-0.159,43,90
210424,-0.25,0.307,0.929,6.642,0.445,22.494,38,124
210504,-0.189,0.134,0.939,-30.125,-2.14,2.27,33,123
210583,-0.184,0.385,0.878,10.148,18.625,69.49,42,117
210663,-0.198,0.164,0.839,16.611,61.106,40.595,46,115
210743,-0.274,0.032,0.87,44.145,62.679,38.695,41,110
210825,-0.475,0.417,0.628,101.794,85.29,-5.403,44,104
210913,-0.327,0.848,0.568,39.099,102.153,-30.168,0,100
211000,-0.639,0.521,0.493,146.687,104.542,-27.053,0,86
211086,-0.685,0.637,0.563,91.237,77.603,-58.374,0,65
211172,-0.659,0.356,0.384,36.473,80.374,-79.16,0,60
211257,-1.01,0.506,0.269,173.87,75.481,-115.71,0,60
211342,-1.353,0.207,-0.129,157.771,-92.775,-126.351,0,46
211428,-1.261,0.399,-0.133,134.901,-10.561,-36.656,0,47
211516,-0.962,0.533,-0.124,41.978,-5.039,27.06,0,51
211601,-0.86,0.127,0.048,-55.931,-19.588,5.388,0,57
211687,-0.979,0.15,0.02,33.821,19.125,26.612,0,65
211774,-0.89,0.479,0.009,-45.916,29.241,20.443,0,70
211860,-0.818,0.274,0.073,-69.0,19.11,1.797,0,77
211948,-0.83,0.126,0.08,-51.992,-2.78,-10.867,0,102
212036,-1.016,0.325,0.031,-50.794,18.435,-3.666,0,88
212123,-1.141,0.267,-0.034,-69.73,-0.25,-7.161,0,96
212212,-1.021,0.477,-0.166,-69.679,14.554,38.756,0,112
212303,-1.072,0.017,-0.235,-75.832,-9.214,60.137,0,94
212392,-0.814,0.17,-0.15,-64.74,-2.07,71.489,0,115
212481,-0.942,0.593,-0.189,13.861,10.009,44.351,0,107
212571,-0.94,0.335,-0.027,-4.476,-13.701,34.748,0,131
212661,-0.965,0.538,0.069,21.137,-24.427,37.443,0,137
212752,-0.793,0.667,0.049,66.687,-6.893,11.145,0,141
212843,-0.449,0.593,0.27,4.631,9.793,30.078,0,152
212934,-0.751,0.588,0.209,8.393,9.216,-0.64,0,152
213027,-0.776,0.609,0.015,-62.618,2.361,-16.692,0,0
213125,-0.631,0.621,0.111,-43.026,2.178,-8.054,0,193
213211,-0.682,0.693,0.037,-54.084,-4.761,-13.071,0,64
213297,-0.776,0.719,0.271,-39.244,8.607,-1.155,0,67
213384,-0.932,0.671,0.349,20.885,3.227,9.345,0,75
213470,-0.65,0.669,0.146,-25.779,-12.87,17.161,0,77
213558,-0.82,0.685,0.08,-39.351,-4.767,0.334,0,83
213645,-0.961,0.442,0.024,-43.94,-26.542,19.881,0,91
213731,0.021,1.289,-0.134,-177.244,40.595,67.397,0,51
213816,-0.743,0.842,0.086,110.26,-57.038,74.557,0,54
213903,-0.111,0.591,0.802,-68.275,-45.305,39.191,165,62
213990,-0.449,0.612,0.603,-117.252,-33.519,10.443,0,68
214077,-0.451,0.644,0.352,-70.695,-24.45,9.342,0,79
214163,-0.524,0.138,0.732,29.282,-42.244,19.326,176,82
214250,-0.682,0.092,0.858,-49.397,-20.542,5.417,0,85
214338,-0.053,0.641,0.514,-74.122,40.148,82.306,0,91
214426,-0.177,0.387,0.608,30.782,15.226,42.015,0,97
214512,-0.3,0.517,0.124,37.305,2.673,17.245,159,104
214601,-0.641,0.31,0.084,55.176,78.496,-14.765,0,103
214691,-0.616,0.812,0.085,28.107,158.015,-64.977,174,99
214779,-0.89,0.566,0.376,1.924,164.939,-97.282,0,101
214868,-1.194,0.552,0.37,55.771,110.069,-94.267,0,109
214958,-1.198,0.573,-0.019,-23.118,65.977,-63.634,0,103
215046,-1.168,0.46,0.206,-7.542,49.431,-31.45,0,106
215136,-1.061,0.306,0.034,16.885,-1.649,-18.585,0,118
215225,-1.007,0.624,-0.04,43.852,29.748,32.201,0,119
215315,-0.907,0.308,0.088,-21.272,-13.188,23.173,0,131
215412,-0.972,0.527,0.025,40.816,2.582,42.763,0,0
215503,-0.884,0.586,-0.028,-79.023,22.387,36.331,0,145
215598,-1.134,0.548,0.049,-177.328,-50.36,-27.229,0,0
215684,-1.372,0.684,0.897,-70.534,-76.855,74.603,0,61
215770,-1.471,0.617,1.235,-103.321,-250.137,93.275,0,57
215856,-0.623,1.229,-0.963,-43.489,-171.267,78.359,182,60
215943,-0.7,-0.845,0.104,33.412,-78.977,37.863,0,73
216030,-0.251,-0.248,0.729,-101.168,22.254,11.085,0,73
216117,-0.148,0.308,0.784,-41.397,-5.094,-3.353,0,79
216208,-0.855,0.591,0.662,23.394,5.597,10.805,0,94
216296,-0.373,0.389,0.867,26.089,-28.679,40.771,0,90
216384,-0.276,0.216,0.969,-40.115,5.005,7.633,0,85
216472,-0.146,0.729,0.927,1.679,42.564,105.775,0,109
216560,-0.189,0.036,0.944,42.504,-7.37,-13.607,0,94
216649,-0.22,0.368,0.881,3.261,15.433,47.974,0,101
216739,-0.317,0.193,0.888,-46.065,-1.319,37.71,0,123
216828,-0.193,0.265,0.917,-23.855,-8.314,51.756,0,115
216919,-0.209,0.493,0.962,3.068,10.698,57.809,0,127
217011,-0.746,0.521,0.862,-19.061,1.721,74.115,0,115
217103,-0.447,0.624,0.749,-0.356,11.241,61.473,0,154
217193,-0.115,0.302,0.908,-11.365,15.319,66.466,0,122
217279,-0.09,0.471,0.845,-8.74,24.391,41.305,0,66
217366,-0.214,0.541,0.916,4.59,27.184,80.58,0,58
217457,-0.233,0.524,0.922,-43.497,-17.796,38.344,0,53
217542,-0.07,0.203,0.905,-44.531,-33.801,-26.272,0,57
217622,-0.118,0.203,0.853,-46.05,-28.665,-12.445,84,72
217707,-0.047,0.171,0.935,-45.502,-1.295,-4.592,0,57
217796,-0.09,0.516,0.95,9.619,33.502,70.127,0,84
217883,-0.063,0.185,1.106,-25.281,7.369,42.71,0,83
217970,-0.04,0.271,0.932,-44.916,1.457,48.962,0,86
218057,0.239,0.151,0.959,-120.107,8.942,55.618,0,93
218150,-0.051,-0.141,1.039,-41.71,-32.096,67.595,0,0
218236,-0.258,0.263,0.957,-18.871,-17.852,72.649,78,0
218322,-0.277,0.097,1.023,-43.344,-10.229,68.031,77,0
218409,-0.189,0.456,0.858,31.993,-32.656,74.244,75,0
218503,0.108,-0.099,0.854,-49.038,-32.323,23.53,0,0
218594,0.049,-0.378,1.148,-44.969,-21.107,69.262,0,0
218687,0.058,-0.018,0.91,15.597,-38.611,40.927,0,0
218773,0.006,-0.087,1.025,-6.715,-35.252,48.641,73,0
218859,0.262,-0.248,0.879,22.418,-73.931,67.328,74,0
218945,0.297,-0.449,0.943,13.389,-20.099,69.534,69,0
219024,-0.003,-0.462,1.057,36.638,-27.13,44.863,65,79
219102,0.233,-0.318,0.808,31.882,-36.832,48.901,63,57
219180,0.072,-0.233,0.874,-59.035,-44.305,64.55,62,68
219269,0.407,-0.705,0.903,-3.388,-73.328,62.687,0,76
219354,0.381,-0.597,0.789,13.588,-45.527,50.015,0,43
219438,0.286,-0.526,0.882,5.044,-37.649,36.687,0,42
219522,0.272,-0.415,0.814,16.023,-23.763,36.275,0,36
219597,0.202,-0.474,0.851,30.245,30.098,35.687,58,36
219673,0.32,-0.442,0.803,13.397,10.447,64.756,57,35
219749,0.321,-0.407,0.803,1.83,-18.735,-0.059,58,33
219825,0.277,-0.425,0.849,13.489,7.827,42.157,58,32
219909,0.349,-0.447,0.858,3.448,-0.781,6.606,0,31
219987,0.409,-0.441,0.844,-3.03,-8.146,8.46,57,30
220063,0.368,-0.481,0.88,-0.29,-1.737,24.97,58,30
220139,0.383,-0.566,0.829,11.854,-6.562,8.893,57,30
220222,0.297,-0.569,0.913,-36.193,-24.176,-10.391,0,30
220298,0.51,-0.47,0.716,46.74,21.314,15.779,57,28
220374,0.312,-0.113,0.703,73.649,68.479,37.672,56,26
220448,0.175,-0.483,0.986,24.45,18.011,34.45,53,26
220524,0.433,-0.667,0.977,18.244,13.81,26.344,54,26
220599,0.295,-0.501,1.079,22.053,-15.605,-25.795,60,25
220686,0.432,-0.519,1.016,17.779,6.604,45.558,0,23
220769,0.231,-0.334,0.95,38.328,-28.683,-6.198,0,22
220853,0.191,-0.201,0.906,-85.885,-14.134,-15.583,0,23
220929,0.099,0.133,0.838,49.611,-23.627,6.266,61,22
221003,0.129,-0.271,1.072,37.405,10.077,8.63,61,22
221087,0.045,-0.199,1.027,33.107,5.454,6.967,0,22
221163,0.068,0.092,0.885,31.16,5.695,10.516,70,21
221246,0.169,0.045,0.867,39.496,-11.347,-4.754,0,20
221330,0.158,0.092,0.831,41.794,22.768,34.556,0,21
221408,0.129,0.129,0.77,63.389,10.356,-6.431,57,21
221484,0.049,0.229,0.665,78.466,43.939,3.99,52,29
221558,-0.195,0.425,0.833,3.087,70.145,33.325,50,27
221634,-0.218,0.142,1.101,23.427,60.916,37.29,61,30
221710,-0.248,-0.007,1.257,19.366,57.069,-46.375,50,32
221786,-0.124,0.288,1.308,-4.71,47.557,38.801,47,38
221871,-0.218,0.497,1.214,38.023,86.419,85.038,44,0
221964,0.011,0.442,1.042,-7.148,54.984,58.679,0,0
222049,-0.103,0.283,1.0,-10.834,-0.474,61.023,35,0
222133,-0.089,0.286,0.941,12.592,-1.887,64.74,18,154
222214,-0.11,0.28,1.015,3.412,0.929,55.565,34,149
222295,-0.186,0.241,1.008,23.481,-8.261,48.221,28,143
222375,-0.013,0.676,0.839,13.641,49.505,58.443,41,138
222455,-0.117,0.422,0.879,-11.906,19.215,17.691,17,133
222545,-0.081,0.501,0.808,7.141,13.387,35.244,0,131
222624,-0.037,0.517,0.872,0.806,21.412,25.706,18,128
222704,-0.081,0.539,0.932,-2.115,16.849,14.885,30,124
222784,-0.108,0.45,0.973,-2.886,6.016,-1.359,38,122
222875,-0.175,0.62,0.977,23.576,14.112,-2.954,25,119
222957,-0.258,0.527,0.943,-0.996,9.795,2.596,38,118
223040,-0.214,0.35,0.891,-13.59,-1.365,-2.025,34,117
223121,-0.229,0.287,0.837,-18.102,1.096,-2.294,16,116
223212,-0.211,0.127,0.862,-14.403,-4.167,-12.278,0,115
223294,-0.163,0.321,0.892,-1.89,6.872,19.142,34,116
223378,-0.129,0.278,0.918,-10.801,3.589,18.489,44,144
223462,-0.181,0.548,0.966,41.86,35.187,63.135,37,141
223550,-0.138,0.215,0.951,19.824,-4.333,15.214,0,65
223641,-0.19,0.261,0.678,61.954,43.924,14.663,0,61
223720,-0.18,0.382,0.612,45.931,82.305,-21.863,39,57
223808,-0.315,0.379,0.355,173.0,145.397,-74.817,0,51
223900,-1.098,1.066,-0.132,139.809,125.916,-137.45,0,116
223990,-1.212,0.383,-0.031,160.489,86.557,-136.878,0,92
224080,-1.145,0.363,0.074,31.328,77.978,-134.748,0,90
224171,-1.394,0.078,-0.069,178.221,-76.361,-53.962,0,88
224261,-1.089,0.461,-0.197,156.198,-25.282,25.598,0,89
224354,-0.803,0.368,-0.116,-21.105,-9.789,18.123,0,93
224445,-0.992,0.165,-0.021,-51.882,-23.71,8.673,0,99
224535,-0.847,0.196,-0.01,0.324,-3.596,39.58,0,106
224627,-0.849,0.323,-0.031,-66.664,20.353,18.409,0,113
224718,-0.924,0.042,0.06,-83.282,-2.326,-14.122,0,121
224812,-1.015,0.146,0.024,-32.424,-4.108,-9.377,0,128
224899,-0.959,0.554,-0.007,8.437,53.12,12.76,0,46
224987,-0.936,0.347,-0.055,-61.542,21.82,-8.249,0,50
225075,-0.945,0.461,-0.095,-75.573,40.661,53.637,0,55
225167,-1.159,0.198,-0.203,-51.061,-18.403,13.661,0,64
225256,-0.853,0.425,-0.151,33.322,13.091,57.481,0,84
225346,-0.954,0.317,-0.173,-33.09,-18.504,16.802,0,85
225436,-0.951,0.344,-0.129,23.02,-9.645,7.714,0,95
225527,-0.829,0.279,-0.095,-5.834,-10.161,-0.332,0,95
225618,-0.908,0.437,-0.046,-29.432,18.854,-18.458,0,108
225711,-0.844,-0.046,0.07,-93.353,-24.511,-37.771,0,122
225804,-1.068,0.435,0.045,18.588,39.871,-52.076,0,140
225895,-1.025,0.174,0.051,-7.843,-0.332,-51.16,0,111
225992,-1.04,0.344,0.181,16.32,20.696,-5.935,0,156
226086,-0.893,0.171,0.082,-26.959,-5.989,4.696,0,162
226181,-0.752,0.011,0.08,-77.72,-8.676,-24.015,0,161
226276,-0.863,0.215,0.059,-62.328,9.809,-20.084,0,172
226371,-0.926,0.209,0.053,-66.445,1.484,-17.954,0,180
226463,-1.314,0.192,-0.144,-50.412,-15.99,-7.553,0,128
226555,-1.049,0.291,-0.251,-119.069,1.981,86.069,0,128
226653,-0.97,0.138,-0.244,-152.595,-15.224,73.473,0,0
226745,-0.845,0.37,-0.155,-45.817,-1.818,49.473,0,67
226834,-0.82,0.422,-0.12,33.771,-0.432,64.03,0,74
226923,-0.962,0.413,-0.112,26.397,2.043,16.13,0,75
