Timestamp(ms),AccelX(g),AccelY(g),AccelZ(g),GyroX(deg/s),GyroY(deg/s),GyroZ(deg/s),DistanceLeft(cm),DistanceRight(cm)
26425,-0.09,-1.01,0.136,-0.878,-2.346,1.252,39,129
26475,-0.092,-1.003,0.148,-0.802,-3.855,0.687,39,175
26521,-0.098,-1.0,0.151,0.252,-7.351,1.099,39,128
26571,-0.06,-0.999,0.116,0.42,2.046,1.702,40,176
26618,-0.095,-0.991,0.152,1.435,1.496,1.863,40,129
26664,-0.108,-0.996,0.156,1.611,-5.221,1.954,40,129
26712,-0.061,-0.997,0.117,0.99,-7.817,1.145,39,129
26762,-0.074,-0.996,0.115,0.67,3.641,2.687,39,128
26808,-0.105,-1.0,0.148,0.046,1.611,1.313,39,128
26857,-0.103,-0.982,0.146,-0.214,-4.527,1.298,39,175
26907,-0.068,-0.996,0.12,-0.13,-3.718,1.489,40,177
26957,-0.079,-1.004,0.129,0.443,-2.84,0.513,39,177
27006,-0.094,-0.996,0.135,-0.0,-3.26,-0.58,39,175
27054,-0.088,-0.999,0.13,0.494,-6.786,-1.008,39,130
27101,-0.061,-1.001,0.113,0.282,-5.55,-0.588,38,130
27147,-0.085,-1.006,0.131,-0.046,0.55,-0.641,38,128
27197,-0.088,-0.993,0.129,0.84,-2.252,0.433,40,128
27244,-0.091,-1.0,0.143,0.313,-4.023,0.832,40,129
27290,-0.07,-0.999,0.114,0.862,-0.329,-0.388,39,128
27337,-0.08,-1.0,0.13,0.846,-0.053,-0.065,39,130
27384,-0.1,-1.005,0.141,0.759,-2.176,-0.794,39,130
27431,-0.074,-1.0,0.11,0.411,-3.351,-0.87,39,130
27478,-0.098,-0.982,0.145,0.94,0.056,0.722,38,129
27525,-0.092,-1.0,0.135,1.048,-3.412,1.13,39,131
27572,-0.085,-0.988,0.135,0.153,-1.745,0.847,39,131
27624,-0.093,-1.003,0.136,0.975,-2.45,1.817,38,175
27674,-0.088,-1.002,0.129,1.672,-3.237,1.397,39,176
27723,-0.087,-0.99,0.128,1.656,-1.255,0.695,38,176
27773,-0.09,-0.999,0.134,0.912,-1.613,0.626,18,64
27821,-0.088,-0.993,0.121,1.351,-2.252,2.16,39,129
27868,-0.086,-1.001,0.138,1.186,0.534,0.372,38,131
27915,-0.093,-0.999,0.138,1.916,-0.464,1.527,38,132
27962,-0.097,-0.997,0.143,1.311,-0.939,0.847,38,130
28008,-0.086,-0.995,0.137,1.634,-2.985,0.702,39,129
28058,-0.102,-0.99,0.144,1.725,-0.053,1.153,39,131
28105,-0.089,-1.004,0.124,1.481,-3.046,-0.123,38,130
28152,-0.094,-0.99,0.145,1.687,-2.435,-0.088,38,131
28199,-0.083,-0.99,0.136,1.481,-4.382,0.679,38,131
28247,-0.094,-0.987,0.147,1.405,-2.489,1.008,39,131
28294,-0.071,-1.001,0.126,1.687,0.031,0.474,39,130
28341,-0.091,-1.002,0.128,0.972,0.786,-1.145,39,132
28388,-0.091,-0.978,0.138,0.626,0.45,-1.656,38,130
28435,-0.104,-0.993,0.143,-0.359,-3.656,-0.314,38,131
28485,-0.107,-0.998,0.146,-1.359,-4.427,-1.069,37,132
28532,-0.064,-0.996,0.122,-0.023,-1.506,-0.87,37,130
28579,-0.099,-0.99,0.161,0.473,2.748,0.695,38,131
28626,-0.108,-0.999,0.147,1.321,-1.167,-0.02,38,130
28674,-0.087,-0.996,0.134,1.656,-3.756,0.84,38,131
28721,-0.085,-1.003,0.114,1.077,0.328,1.145,38,131
28768,-0.094,-0.999,0.136,1.014,-0.348,0.318,38,131
28858,-0.064,-0.99,0.113,0.765,-3.817,-0.194,38,132
28905,-0.074,-0.999,0.125,0.808,4.176,-0.037,38,130
28955,-0.111,-0.984,0.145,-0.153,3.817,-0.295,39,130
29002,-0.101,-1.006,0.138,0.548,-3.809,-1.046,39,129
29049,-0.082,-0.995,0.118,0.466,-2.725,-1.458,37,130
29096,-0.087,-1.006,0.125,0.397,-1.894,-1.191,38,129
29144,-0.092,-0.989,0.132,0.214,0.656,-1.244,38,130
29191,-0.103,-0.995,0.147,1.207,-0.722,1.771,38,130
29238,-0.101,-1.003,0.147,1.299,-2.832,-0.954,38,130
29285,-0.081,-0.978,0.113,1.371,0.344,0.309,38,130
29332,-0.114,-1.0,0.151,0.985,0.29,2.328,38,130
29382,-0.102,-1.0,0.136,1.154,-2.466,0.473,37,130
29429,-0.091,-0.992,0.127,-0.214,-1.58,1.626,39,131
29477,-0.09,-0.994,0.14,0.531,-0.343,2.214,38,131
29524,-0.093,-1.001,0.145,0.374,-4.008,1.603,38,131
29572,-0.08,-0.989,0.135,0.198,-3.061,-0.238,37,130
29619,-0.077,-0.989,0.135,0.16,-1.181,0.599,38,130
29666,-0.089,-1.019,0.134,1.135,0.725,-1.183,39,130
29713,-0.093,-0.988,0.131,0.435,-1.88,-2.595,37,131
29760,-0.099,-0.992,0.132,0.366,-2.916,-1.229,39,130
29811,-0.092,-0.994,0.128,1.878,1.733,0.878,37,130
29858,-0.112,-0.997,0.143,1.374,1.008,2.45,37,132
29905,-0.103,-1.005,0.133,1.496,-0.367,1.229,38,130
29953,-0.085,-0.993,0.121,1.427,-0.698,0.552,38,131
30000,-0.094,-0.994,0.128,0.405,-0.515,0.588,38,131
30048,-0.081,-1.005,0.134,0.489,-0.643,0.078,37,132
30095,-0.098,-0.995,0.134,0.822,-0.129,0.361,37,132
30142,-0.088,-1.005,0.144,0.882,-2.359,-0.916,37,132
30190,-0.088,-0.997,0.133,1.443,-2.496,-0.733,37,131
30240,-0.105,-0.994,0.139,1.363,0.237,-0.027,37,131
30287,-0.102,-0.982,0.142,1.626,-0.457,0.315,37,130
30334,-0.104,-1.008,0.141,1.33,-1.083,-0.303,37,130
30383,-0.095,-0.986,0.134,1.573,-2.135,-1.023,37,131
30430,-0.095,-0.988,0.133,0.412,-1.806,-0.611,39,131
30477,-0.086,-0.993,0.124,1.358,0.817,1.115,38,130
30525,-0.103,-0.989,0.153,1.425,-0.942,0.84,38,131
30572,-0.098,-0.995,0.132,1.195,-5.13,-0.58,38,132
30622,-0.092,-1.004,0.129,2.679,-4.16,0.399,37,176
30675,-0.078,-0.993,0.123,0.16,-0.466,0.611,37,175
30726,-0.106,-0.994,0.149,0.549,1.779,0.335,37,177
30776,-0.105,-0.994,0.158,-0.145,-2.618,0.87,38,176
30826,-0.082,-0.994,0.126,0.16,-2.565,-0.599,37,176
30876,-0.105,-0.986,0.154,0.487,1.015,0.901,37,177
30926,-0.107,-1.001,0.139,1.178,-4.267,0.977,37,177
30977,-0.082,-0.993,0.117,0.684,-1.253,0.15,37,177
31027,-0.094,-0.99,0.132,0.267,0.26,-0.086,37,177
31077,-0.104,-0.998,0.143,0.42,-1.219,-0.298,37,178
31131,-0.067,-0.999,0.111,-0.046,2.908,-0.641,37,177
31178,-0.117,-0.989,0.156,0.26,2.351,-0.748,38,133
31228,-0.103,-1.0,0.137,0.824,-2.473,-0.832,38,176
31320,-0.094,-0.994,0.135,1.565,1.824,-0.885,37,132
31368,-0.094,-0.994,0.123,1.38,-0.577,-0.153,37,131
31415,-0.087,-1.001,0.132,1.157,8.641,1.908,38,131
31463,-0.136,-1.01,0.17,1.259,-0.564,0.067,38,132
31510,-0.072,-0.988,0.116,1.489,-3.588,-1.061,38,131
31558,-0.107,-0.993,0.139,1.931,0.969,0.318,38,130
31608,-0.105,-0.987,0.134,0.719,-1.31,-0.786,39,131
31656,-0.087,-0.997,0.114,1.018,-2.213,0.441,38,133
31704,-0.107,-0.999,0.157,0.564,1.16,-0.294,39,130
31752,-0.073,-0.996,0.109,0.711,3.374,-1.29,37,132
31799,-0.126,-0.998,0.168,0.839,1.405,0.664,37,130
31847,-0.085,-0.996,0.114,0.927,-1.848,-0.542,37,130
31894,-0.094,-0.981,0.129,1.595,-0.912,0.261,37,131
31942,-0.108,-0.999,0.14,2.031,2.672,1.328,37,133
31990,-0.108,-1.002,0.134,1.511,-3.076,0.664,39,143
32043,-0.097,-0.992,0.134,1.209,-0.849,1.756,38,144
32091,-0.091,-1.0,0.122,1.039,-2.55,1.901,38,144
32139,-0.103,-0.988,0.139,1.106,-1.582,0.84,37,133
32186,-0.097,-0.999,0.141,0.803,-2.214,0.74,37,131
32234,-0.089,-0.996,0.14,1.005,-4.053,-0.199,37,131
32282,-0.084,-0.991,0.129,0.869,2.038,0.319,37,131
32329,-0.106,-1.005,0.147,0.788,-0.581,-0.916,37,132
32377,-0.103,-0.991,0.15,1.679,-3.023,-0.12,38,131
32425,-0.084,-1.002,0.105,1.341,-3.336,-1.969,38,131
32477,-0.099,-0.981,0.142,0.962,2.634,-0.6,39,143
32530,-0.1,-0.99,0.145,1.435,-1.397,-0.573,37,133
32577,-0.092,-0.987,0.127,1.374,-2.099,0.817,37,132
32624,-0.094,-0.995,0.127,1.227,1.718,-1.267,37,145
32672,-0.111,-0.992,0.142,0.859,-0.144,-0.164,38,144
32719,-0.092,-0.995,0.13,0.374,-0.559,-1.168,38,131
32766,-0.107,-0.99,0.144,1.01,-0.412,-0.962,39,143
32814,-0.092,-0.991,0.14,0.738,0.885,-0.672,38,132
32860,-0.107,-0.998,0.146,1.344,-1.3,-0.208,38,132
32910,-0.091,-0.99,0.129,0.987,0.87,-0.166,38,132
32956,-0.104,-0.992,0.142,0.941,0.878,-0.878,38,131
33003,-0.102,-0.988,0.142,0.956,1.328,-0.756,38,131
33050,-0.104,-1.009,0.143,1.611,-1.785,-0.289,38,130
33097,-0.093,-1.002,0.133,0.715,0.786,-2.076,18,64
33143,-0.111,-0.987,0.141,1.313,0.008,-0.641,39,129
33190,-0.093,-0.984,0.114,0.886,-0.316,0.206,38,131
33238,-0.102,-0.996,0.14,0.992,0.84,0.824,38,129
33284,-0.11,-0.979,0.145,0.374,0.282,0.105,38,129
33334,-0.094,-1.002,0.143,-0.115,-3.802,-0.047,38,130
33380,-0.081,-0.983,0.121,0.26,0.104,0.083,37,130
33427,-0.106,-1.003,0.135,0.122,-0.496,-0.893,39,130
33474,-0.101,-0.991,0.144,0.076,-2.496,-1.695,38,131
33521,-0.095,-0.991,0.142,0.477,-1.944,-0.201,38,130
33568,-0.107,-0.995,0.144,1.224,-2.916,0.509,38,131
33614,-0.078,-0.994,0.132,0.798,-2.863,0.672,37,130
33661,-0.081,-0.992,0.137,0.42,3.313,1.13,37,131
33755,-0.094,-1.004,0.138,0.603,-4.206,-0.267,38,132
33804,-0.07,-0.992,0.117,1.195,-3.069,-1.794,38,177
33851,-0.104,-0.991,0.147,0.641,2.466,-0.84,39,131
33901,-0.104,-0.996,0.146,1.427,-1.939,-0.433,37,179
33951,-0.093,-0.989,0.145,1.412,-1.364,-0.409,37,179
33998,-0.093,-0.981,0.135,1.374,0.053,0.962,37,131
34044,-0.095,-1.011,0.124,1.344,-3.855,0.138,37,130
34092,-0.079,-0.988,0.119,0.29,2.145,-0.031,37,131
34139,-0.11,-1.001,0.148,-0.45,-2.139,0.082,37,131
34189,-0.082,-0.99,0.131,0.237,-4.74,-0.215,37,130
34236,-0.079,-0.995,0.135,-0.107,-3.947,-0.407,37,131
34282,-0.077,-0.981,0.128,0.412,0.824,-0.361,37,130
34329,-0.095,-0.995,0.139,1.336,0.969,0.84,38,131
34376,-0.097,-1.0,0.142,0.473,-4.969,-0.779,38,130
34423,-0.074,-0.998,0.11,0.483,-1.143,-1.015,38,129
34470,-0.085,-0.992,0.116,0.359,1.229,-1.252,37,131
34518,-0.105,-0.993,0.137,0.038,-0.901,-0.649,38,130
34565,-0.1,-0.987,0.142,-0.565,-4.847,0.672,38,131
34615,-0.079,-1.003,0.119,0.313,-1.857,0.268,38,130
34661,-0.097,-0.987,0.139,-0.305,2.603,1.84,38,130
34708,-0.109,-1.01,0.143,-0.511,-1.98,1.16,38,131
34755,-0.083,-0.983,0.127,0.815,-1.387,1.733,37,129
34802,-0.085,-0.991,0.127,1.603,0.45,3.42,37,129
34849,-0.077,-0.995,0.135,1.71,1.237,1.336,38,131
34896,-0.101,-0.991,0.132,2.237,-4.191,-1.511,38,129
34944,-0.094,-0.987,0.108,0.92,-6.87,-1.962,38,129
34991,-0.078,-1.01,0.1,-1.099,-3.29,-2.298,38,130
35041,-0.089,-0.984,0.12,-1.832,4.84,0.069,39,129
35088,-0.124,-0.999,0.156,-1.847,0.397,-0.449,37,132
35135,-0.093,-0.999,0.128,1.027,-3.382,-0.565,38,131
35182,-0.095,-1.01,0.119,0.397,-0.731,1.282,37,130
35229,-0.099,-0.989,0.137,1.131,2.214,2.053,37,130
35276,-0.109,-1.004,0.135,1.58,-2.641,1.725,37,130
35323,-0.086,-1.0,0.123,1.855,-0.29,1.901,37,131
35371,-0.086,-0.991,0.112,2.519,2.015,0.962,37,130
35418,-0.125,-0.992,0.147,2.382,-2.351,0.212,38,129
35468,-0.102,-0.996,0.12,1.672,-7.832,-2.0,38,128
35515,-0.095,-0.989,0.112,1.141,-3.198,0.017,38,130
35562,-0.102,-0.996,0.131,1.258,-4.061,-0.618,38,130
35609,-0.104,-0.985,0.135,0.63,-7.198,-0.855,37,130
35656,-0.077,-1.003,0.12,0.647,-6.748,-0.565,39,130
35704,-0.094,-0.99,0.135,0.092,-3.466,-0.55,38,131
35751,-0.094,-0.996,0.146,0.382,-3.214,0.649,38,129
35799,-0.095,-1.004,0.139,2.023,-7.267,0.193,38,129
35846,-0.071,-1.005,0.129,1.802,-4.145,-1.71,37,130
35896,-0.093,-0.997,0.145,1.511,-0.88,-0.696,37,129
35943,-0.106,-1.005,0.16,2.832,-7.504,-2.435,37,130
35990,-0.071,-0.982,0.116,3.122,-8.069,-3.893,37,132
36037,-0.079,-0.976,0.108,1.725,0.565,-3.229,37,131
36085,-0.083,-0.973,0.13,-0.802,4.305,2.084,37,130
36175,-0.077,-0.996,0.13,-0.947,-2.122,2.611,37,130
36222,-0.095,-1.012,0.14,-0.321,-2.282,0.771,37,129
36270,-0.092,-1.007,0.148,-0.229,-4.542,-1.221,38,131
36318,-0.073,-0.991,0.137,0.252,-3.412,-1.321,37,130
36368,-0.092,-0.979,0.145,1.962,-0.894,0.393,37,130
36415,-0.105,-1.008,0.145,1.893,-6.382,0.491,38,131
36463,-0.069,-1.004,0.121,1.985,-5.359,-1.489,37,133
36510,-0.088,-0.999,0.134,2.084,-0.895,0.466,36,132
36557,-0.103,-1.0,0.151,2.84,-4.328,0.33,37,130
36604,-0.08,-1.003,0.131,2.481,-6.405,0.954,37,131
36653,-0.057,-0.99,0.117,1.573,1.412,1.351,37,131
36700,-0.089,-0.976,0.164,2.0,3.244,3.305,37,130
36747,-0.08,-0.995,0.161,3.198,-0.734,2.473,36,130
36799,-0.067,-0.991,0.128,4.16,1.702,-0.472,38,168
36849,-0.083,-0.993,0.122,2.153,1.328,-3.198,36,179
36899,-0.098,-0.991,0.133,0.872,-2.702,-4.214,36,179
36951,-0.102,-0.986,0.136,-0.458,-6.664,-5.092,38,178
37001,-0.079,-0.987,0.11,-2.374,-0.652,-1.779,37,179
37049,-0.117,-0.993,0.158,-3.084,-1.786,1.832,38,134
37099,-0.082,-0.999,0.163,-1.908,-3.183,4.084,36,181
37146,-0.07,-1.011,0.155,0.351,-0.712,5.321,36,132
37194,-0.069,-1.009,0.161,1.863,-0.829,2.931,38,130
37244,-0.069,-0.995,0.15,3.069,-1.19,1.053,36,131
37293,-0.078,-0.992,0.145,3.137,-1.938,0.557,36,132
37340,-0.07,-1.007,0.133,1.133,-1.791,-1.954,36,132
37387,-0.078,-0.991,0.14,1.893,3.321,-1.435,37,131
37435,-0.101,-0.985,0.144,1.885,1.458,-0.55,37,130
37482,-0.093,-0.994,0.135,2.015,-1.016,-0.252,37,132
37530,-0.091,-0.995,0.128,0.796,0.427,-1.374,37,131
37577,-0.107,-0.98,0.139,-0.412,0.84,0.141,37,131
37625,-0.083,-0.99,0.146,0.682,0.107,1.885,36,132
37676,-0.095,-1.003,0.153,0.59,0.458,2.168,36,135
37726,-0.077,-1.001,0.148,0.91,-3.008,0.595,36,180
37774,-0.07,-0.994,0.138,1.519,-2.137,-0.802,38,136
37824,-0.073,-0.991,0.12,1.315,0.176,-1.565,38,177
37875,-0.098,-0.994,0.148,0.374,-2.954,-1.702,38,176
37922,-0.076,-0.991,0.134,1.104,-1.924,-2.092,38,133
37974,-0.1,-1.0,0.152,0.046,-2.466,-1.221,36,180
38024,-0.078,-0.99,0.13,0.415,-1.452,-0.962,38,176
38074,-0.112,-0.999,0.164,0.586,-2.809,-0.718,36,179
38125,-0.069,-0.979,0.137,1.847,-4.565,0.618,37,132
38173,-0.079,-0.998,0.128,0.046,-3.13,1.466,37,133
38220,-0.071,-0.987,0.116,-0.275,1.16,1.031,36,132
38268,-0.088,-0.973,0.145,-1.511,3.122,4.023,36,131
38316,-0.096,-1.015,0.151,-1.366,-4.214,2.824,36,132
38364,-0.058,-1.001,0.127,-1.519,-2.992,-0.947,36,131
38412,-0.085,-0.986,0.139,-2.565,-2.214,-2.038,36,132
38459,-0.077,-1.03,0.133,-1.916,-4.702,-2.618,37,132
38513,-0.079,-1.0,0.135,-1.092,-0.038,-5.336,36,178
38561,-0.118,-0.996,0.161,0.176,-4.718,-3.45,36,134
38654,-0.067,-0.991,0.104,2.206,0.679,1.542,37,178
38706,-0.091,-0.999,0.132,1.168,1.695,3.046,37,178
38761,-0.094,-0.996,0.141,1.0,-5.863,1.534,36,178
38810,-0.052,-0.985,0.112,0.038,-2.16,2.076,36,179
38860,-0.085,-1.015,0.139,0.906,-0.537,1.87,36,180
38909,-0.093,-1.0,0.155,1.359,-3.13,0.947,36,179
38957,-0.077,-0.999,0.126,2.771,-4.809,-0.603,37,131
39006,-0.069,-0.987,0.118,2.649,1.305,2.779,37,131
39053,-0.093,-1.004,0.139,1.511,1.038,0.634,38,132
39100,-0.091,-0.984,0.136,1.58,-2.225,0.84,38,132
39146,-0.086,-1.0,0.148,1.626,-4.656,1.115,38,132
39193,-0.066,-0.993,0.123,1.504,-1.432,0.11,37,132
39240,-0.075,-1.006,0.138,0.694,-0.925,-0.064,38,132
39286,-0.083,-0.992,0.141,1.523,1.359,-0.824,36,131
39333,-0.086,-0.995,0.143,0.366,-1.483,-1.458,36,133
39380,-0.086,-0.999,0.139,1.42,0.656,-2.023,37,131
39430,-0.093,-0.994,0.135,1.076,-1.813,-1.725,36,132
39477,-0.082,-1.002,0.127,1.108,-1.424,-2.046,36,133
39524,-0.081,-0.984,0.115,1.511,1.122,-0.453,36,134
39573,-0.106,-0.997,0.141,0.865,0.847,0.34,37,177
39620,-0.08,-0.997,0.133,0.597,-1.301,0.855,36,135
39667,-0.087,-0.999,0.137,0.778,1.267,0.477,36,135
39716,-0.086,-0.997,0.139,0.805,-2.58,0.672,36,178
39763,-0.093,-1.004,0.153,2.092,-4.748,-0.007,36,132
39811,-0.063,-1.002,0.119,2.519,-4.954,-1.847,36,131
39860,-0.092,-0.99,0.133,1.527,-0.487,0.097,36,131
39907,-0.077,-1.001,0.121,1.325,-2.176,-0.388,36,131
39954,-0.079,-0.989,0.129,0.614,-1.22,0.817,38,131
40001,-0.078,-0.981,0.146,-0.061,-2.397,0.533,37,130
40047,-0.074,-1.002,0.134,0.351,-2.215,1.794,37,131
40101,-0.069,-0.997,0.132,1.279,-0.13,-0.353,37,131
40148,-0.092,-0.996,0.15,1.029,-1.816,-0.779,37,131
40195,-0.074,-0.985,0.136,1.939,-2.511,0.178,37,131
40242,-0.085,-1.001,0.148,1.496,-1.19,0.309,37,131
40291,-0.059,-0.994,0.115,1.565,0.047,-0.167,37,133
40338,-0.09,-0.991,0.143,0.168,1.733,0.199,37,131
40385,-0.083,-0.999,0.14,1.17,-4.71,-1.84,37,131
40431,-0.073,-0.977,0.132,1.099,-0.342,0.026,37,132
40478,-0.092,-1.011,0.148,0.481,-2.221,-0.423,36,132
40525,-0.058,-0.992,0.133,1.611,-0.203,-0.809,36,131
40571,-0.075,-1.004,0.153,1.303,0.718,0.223,36,131
40619,-0.089,-0.994,0.145,2.191,-2.466,-1.466,36,132
40665,-0.082,-0.99,0.141,0.855,-3.313,-0.618,36,131
40715,-0.078,-0.997,0.137,1.084,-3.313,0.855,36,131
40762,-0.062,-0.991,0.14,0.145,-0.371,0.519,38,132
40808,-0.071,-0.996,0.13,0.638,3.74,1.573,38,131
40855,-0.096,-1.003,0.161,0.767,-2.107,-0.347,37,131
40902,-0.059,-0.983,0.132,0.846,-1.388,-0.14,37,131
40948,-0.07,-0.997,0.134,0.896,2.626,0.74,37,131
40995,-0.087,-0.999,0.153,0.344,2.74,-0.262,18,64
41085,-0.074,-0.993,0.15,1.458,3.435,0.43,36,130
41133,-0.102,-1.013,0.158,1.695,-2.099,-2.176,37,131
41182,-0.068,-0.99,0.13,1.588,0.29,-1.74,37,132
41229,-0.073,-0.996,0.124,1.374,3.863,0.593,37,132
41276,-0.101,-0.99,0.145,1.045,3.397,0.71,37,131
41322,-0.081,-0.987,0.141,0.481,-2.885,0.125,37,131
41369,-0.066,-0.995,0.146,0.573,0.244,-0.483,37,132
41416,-0.086,-0.996,0.145,1.228,2.069,-0.725,37,130
41463,-0.091,-0.989,0.147,0.214,-0.076,-0.027,37,130
41509,-0.083,-1.007,0.138,0.99,-2.29,-0.427,37,131
41556,-0.077,-1.0,0.13,1.282,-0.03,0.049,36,131
41607,-0.087,-0.997,0.148,-0.023,-3.496,-1.328,36,132
41654,-0.079,-0.986,0.142,0.839,-2.153,0.163,37,133
41701,-0.093,-1.006,0.15,1.366,-3.168,0.901,36,133
41750,-0.085,-0.996,0.135,1.435,-3.435,0.893,36,178
41800,-0.083,-0.992,0.147,1.278,-3.221,2.359,37,179
41849,-0.063,-0.995,0.143,1.064,-0.294,2.794,36,179
41900,-0.087,-0.989,0.142,0.656,-1.743,1.267,37,180
41950,-0.064,-0.991,0.148,1.177,-4.962,1.076,36,179
41999,-0.058,-1.002,0.141,0.791,-1.273,-1.557,36,180
42052,-0.086,-0.991,0.147,0.321,-0.391,-1.824,36,179
42102,-0.083,-0.99,0.151,1.469,-2.29,-1.878,37,179
42151,-0.074,-0.99,0.147,0.697,-1.193,-0.725,37,180
42202,-0.076,-1.004,0.141,1.093,1.954,-1.496,36,179
42252,-0.092,-1.001,0.143,1.351,-0.718,-2.504,37,178
42301,-0.08,-0.978,0.145,0.978,-1.461,-1.901,38,178
42351,-0.07,-0.991,0.134,0.782,-1.346,-0.954,36,177
42401,-0.077,-0.998,0.139,0.603,0.389,-0.573,36,178
42451,-0.073,-0.996,0.135,0.496,-0.038,-0.748,36,181
42504,-0.083,-0.996,0.131,0.397,-0.569,-0.901,36,180
42554,-0.073,-1.007,0.131,0.481,-0.223,-0.322,36,182
42604,-0.088,-0.994,0.149,0.486,-0.65,-0.042,36,181
42654,-0.074,-0.99,0.141,0.267,0.924,0.414,38,178
42704,-0.095,-1.0,0.16,0.374,-2.107,-0.109,37,179
42754,-0.067,-0.994,0.131,0.729,-4.031,0.832,36,180
42804,-0.07,-0.995,0.136,-0.053,-0.352,1.893,37,178
42854,-0.079,-0.992,0.146,0.282,0.725,2.046,36,181
42904,-0.073,-1.006,0.134,0.466,-3.496,2.153,37,177
42956,-0.062,-0.999,0.123,0.427,-0.364,0.405,36,178
43006,-0.073,-1.002,0.14,0.206,-2.341,0.161,36,179
43057,-0.052,-1.002,0.117,0.137,0.008,-0.09,36,179
43107,-0.081,-0.993,0.153,1.34,1.092,0.448,36,178
43157,-0.061,-0.998,0.137,1.129,0.321,-2.191,37,179
43206,-0.085,-0.991,0.143,1.87,0.649,-1.443,36,179
43256,-0.092,-1.0,0.146,1.687,-0.461,-0.108,36,180
43307,-0.075,-0.999,0.114,0.823,-1.38,-1.817,36,179
43355,-0.087,-0.984,0.135,0.389,2.198,1.359,36,132
43405,-0.08,-1.008,0.139,1.074,-1.156,1.954,36,133
43452,-0.074,-0.993,0.139,0.664,-1.674,0.448,36,133
43499,-0.059,-0.99,0.125,0.046,1.412,-0.341,37,132
43589,-0.052,-1.006,0.115,0.753,0.153,-1.588,37,132
43637,-0.094,-0.99,0.158,1.121,2.107,-1.137,36,134
43684,-0.083,-0.998,0.13,0.974,-2.771,-2.229,36,132
43735,-0.075,-0.988,0.126,1.214,0.244,-0.786,37,179
43782,-0.078,-1.003,0.125,1.45,2.252,1.298,37,132
43832,-0.089,-0.989,0.147,0.614,1.679,0.573,37,179
43885,-0.069,-0.997,0.136,1.104,-2.344,0.464,37,178
43932,-0.079,-0.999,0.134,0.917,-1.588,0.702,37,132
43979,-0.066,-0.99,0.137,0.518,-0.147,0.03,36,132
44029,-0.082,-0.99,0.146,0.659,0.588,0.239,36,178
44077,-0.078,-1.0,0.131,1.351,-1.528,0.376,36,133
44125,-0.071,-0.989,0.128,1.105,-0.023,0.414,36,134
44172,-0.088,-0.996,0.146,0.716,-0.61,1.237,36,132
44219,-0.075,-0.996,0.123,1.733,-1.905,0.368,36,131
44266,-0.078,-0.985,0.128,0.336,0.931,1.534,36,132
44317,-0.083,-0.997,0.122,0.458,-1.691,0.3,37,132
44364,-0.081,-0.991,0.14,0.061,-0.251,1.229,37,131
44411,-0.081,-0.994,0.139,0.466,-1.565,0.141,37,132
44459,-0.089,-1.003,0.152,0.652,-2.214,0.535,36,132
44507,-0.066,-0.994,0.125,1.056,-1.126,-0.74,36,132
44554,-0.093,-0.995,0.15,0.801,0.519,0.756,36,132
44601,-0.081,-0.997,0.143,1.756,-3.351,0.062,36,133
44651,-0.074,-0.998,0.131,1.656,-0.466,1.229,36,178
44701,-0.085,-0.996,0.129,1.702,-0.361,0.528,38,177
44754,-0.089,-0.994,0.136,1.618,-2.137,0.664,37,177
44806,-0.063,-0.997,0.121,1.374,-0.324,-0.142,37,178
44856,-0.088,-0.996,0.151,1.687,0.656,0.264,37,178
44906,-0.081,-0.984,0.133,1.351,-2.45,-1.084,36,178
44956,-0.075,-0.996,0.137,1.557,-1.443,0.051,36,177
45006,-0.064,-0.999,0.121,0.907,-0.0,-0.218,36,179
45057,-0.092,-0.991,0.146,0.82,-0.57,-0.525,36,178
45108,-0.071,-0.996,0.138,0.956,-2.13,-0.885,36,178
45158,-0.083,-1.01,0.143,0.336,-1.884,-1.221,36,178
45211,-0.078,-0.992,0.133,0.852,-0.121,-2.557,36,178
45261,-0.092,-1.0,0.156,1.171,-2.565,-1.16,36,178
45313,-0.078,-0.998,0.144,1.412,-3.893,-1.008,36,179
45363,-0.069,-1.0,0.131,1.511,-1.534,0.224,36,178
45413,-0.079,-0.987,0.138,1.359,0.817,0.361,36,178
45463,-0.073,-1.002,0.144,1.119,-2.229,0.203,36,178
45513,-0.061,-0.989,0.142,1.465,0.664,0.032,37,179
45563,-0.086,-0.99,0.136,1.435,-1.72,-0.479,36,178
45615,-0.071,-0.995,0.142,0.647,-2.58,-0.779,36,178
45668,-0.062,-0.997,0.132,1.435,0.756,1.176,37,178
45718,-0.084,-0.994,0.151,0.729,1.389,0.522,36,178
45768,-0.075,-0.994,0.148,1.159,-1.294,0.348,36,179
45819,-0.084,-0.99,0.139,0.877,-0.913,1.466,36,178
45870,-0.079,-0.997,0.135,0.923,-0.256,0.1,37,177
45920,-0.093,-0.997,0.163,0.619,-2.29,0.947,35,178
45970,-0.054,-0.992,0.12,1.204,-1.401,0.06,36,177
46020,-0.074,-0.999,0.151,0.29,1.641,0.916,36,178
46111,-0.078,-1.0,0.152,0.481,-2.13,-0.885,36,133
46162,-0.071,-0.992,0.146,1.087,-0.023,-1.29,36,132
46210,-0.089,-0.989,0.15,0.29,-2.366,-1.008,35,131
46258,-0.063,-0.984,0.135,0.412,-1.362,0.137,35,132
46305,-0.077,-0.996,0.133,1.317,0.0,0.71,35,131
46353,-0.073,-1.004,0.133,0.564,-6.931,-0.475,35,133
46401,-0.047,-0.996,0.109,0.711,3.344,-0.908,35,131
46453,-0.107,-1.001,0.153,0.647,-0.243,-0.786,35,132
46500,-0.08,-0.996,0.127,0.752,-6.107,-0.817,36,133
46550,-0.048,-1.002,0.11,0.735,-2.573,-0.518,18,64
46594,-0.077,-0.994,0.148,0.902,2.481,0.346,36,132
46643,-0.075,-1.002,0.15,0.966,-3.008,-0.128,36,178
46693,-0.062,-0.988,0.135,1.308,-1.226,0.595,36,178
46742,-0.063,-0.995,0.131,2.038,1.588,0.832,36,177
46791,-0.089,-0.99,0.151,1.254,-1.044,0.337,36,178
46841,-0.051,-0.999,0.125,1.073,-2.687,-0.664,36,179
46887,-0.07,-0.998,0.13,0.328,3.26,-0.595,36,133
46935,-0.084,-0.992,0.15,1.252,-0.225,-0.725,35,132
46985,-0.075,-1.003,0.14,0.481,-1.748,-0.396,36,132
47031,-0.071,-0.998,0.136,0.481,-1.326,-1.298,36,131
47078,-0.072,-0.994,0.151,0.45,2.389,-0.293,36,132
47124,-0.097,-1.006,0.164,1.148,-0.545,0.718,36,132
47171,-0.07,-1.001,0.132,1.855,-1.337,-0.465,36,131
47218,-0.085,-0.996,0.146,2.115,-0.227,1.115,37,131
47264,-0.076,-0.992,0.144,2.084,-1.382,0.481,36,133
47311,-0.073,-0.994,0.146,1.779,-0.023,2.626,36,133
47358,-0.075,-1.0,0.138,1.847,-1.327,1.183,36,131
47408,-0.078,-0.986,0.143,1.588,1.412,0.258,36,131
47455,-0.08,-0.999,0.142,1.382,-1.89,0.442,36,132
47502,-0.077,-0.987,0.139,1.061,-1.006,1.16,37,131
47548,-0.079,-1.003,0.135,0.894,-1.746,1.794,36,131
47595,-0.075,-0.989,0.151,0.881,0.053,1.046,37,131
47642,-0.091,-1.0,0.156,1.382,-1.55,0.584,37,133
47689,-0.073,-0.991,0.144,1.313,-2.107,0.664,37,132
47736,-0.094,-1.001,0.151,1.931,-2.374,1.328,37,132
47782,-0.074,-0.989,0.14,1.542,-1.701,0.656,36,131
47833,-0.085,-0.991,0.145,1.158,-1.781,1.336,36,131
47880,-0.083,-0.988,0.139,0.641,-0.015,0.218,36,132
47927,-0.095,-0.985,0.158,0.489,-1.632,0.779,37,133
47974,-0.082,-0.993,0.144,1.143,-2.611,0.239,37,132
48023,-0.092,-0.997,0.147,0.776,-1.421,0.229,36,178
48070,-0.084,-0.99,0.146,1.511,-1.252,0.474,36,135
48117,-0.094,-0.998,0.162,1.573,-1.319,0.962,36,133
48164,-0.083,-0.999,0.141,2.038,-2.328,0.303,37,133
48211,-0.089,-0.987,0.146,1.893,-0.053,0.223,36,132
48262,-0.089,-0.993,0.149,2.183,-2.824,0.422,37,132
48311,-0.079,-0.989,0.145,1.283,-0.137,0.052,37,178
48361,-0.088,-0.998,0.14,0.65,-2.002,-0.358,36,179
48410,-0.095,-0.981,0.156,0.768,-0.048,-0.046,36,177
48460,-0.098,-0.996,0.157,1.156,-2.534,-0.107,37,177
48553,-0.081,-0.998,0.14,1.053,-2.313,0.641,38,177
48603,-0.098,-0.985,0.16,0.692,1.908,2.374,36,178
48653,-0.106,-1.001,0.166,1.511,-3.725,2.519,36,178
48702,-0.074,-0.991,0.136,0.934,-0.733,0.526,36,177
48752,-0.114,-0.994,0.167,1.068,-0.75,1.16,37,132
48799,-0.084,-0.994,0.141,0.706,-4.137,0.847,37,130
48846,-0.092,-0.994,0.15,0.957,0.557,1.183,37,135
48893,-0.1,-0.989,0.157,1.074,-0.338,0.595,37,131
48941,-0.106,-0.995,0.151,1.55,-3.786,0.985,37,131
48988,-0.075,-0.988,0.137,1.557,-0.917,0.099,38,132
49036,-0.109,-0.99,0.157,0.435,1.359,-0.088,38,132
49085,-0.11,-0.988,0.165,1.588,-2.656,-0.557,37,177
49132,-0.089,-0.995,0.145,0.808,-1.946,-0.554,38,132
49185,-0.103,-0.99,0.147,1.321,0.992,-0.037,37,179
49235,-0.105,-0.994,0.158,0.275,-2.16,-0.802,37,181
49286,-0.094,-0.99,0.134,0.573,-1.483,-0.671,18,64
49335,-0.101,-0.99,0.157,0.638,-1.768,0.172,38,177
49385,-0.081,-0.985,0.131,0.77,-4.618,-0.565,37,177
49435,-0.083,-0.992,0.141,0.137,1.244,-0.23,37,177
49485,-0.091,-0.991,0.155,0.145,-0.6,-1.336,37,177
49532,-0.094,-0.991,0.161,-0.191,-3.183,-0.969,37,134
49580,-0.069,-0.995,0.131,-0.115,-1.791,-2.237,38,131
49633,-0.096,-0.99,0.166,0.672,3.282,-0.763,37,179
49683,-0.103,-0.995,0.157,1.183,-3.763,-1.947,37,177
49733,-0.079,-0.999,0.135,0.812,-2.58,-2.901,37,178
49783,-0.102,-0.992,0.147,1.232,1.794,-0.794,37,178
49833,-0.11,-0.995,0.154,0.359,-2.427,-0.01,37,178
49884,-0.083,-0.995,0.134,0.282,-1.463,1.008,37,178
49933,-0.097,-0.998,0.169,0.221,-0.358,1.282,37,179
49983,-0.075,-1.0,0.144,0.667,0.267,0.756,37,177
50033,-0.074,-0.988,0.154,1.193,1.901,0.341,37,180
50086,-0.09,-0.985,0.155,1.374,1.29,-0.679,37,179
50137,-0.071,-0.996,0.129,1.102,-0.084,-1.092,37,179
50185,-0.081,-0.992,0.146,0.843,4.382,-1.298,38,132
50232,-0.089,-1.001,0.155,0.658,0.298,-2.763,36,130
50279,-0.097,-0.991,0.153,-0.221,2.092,-2.511,36,131
50326,-0.094,-0.999,0.149,-0.13,-2.065,-2.443,37,130
50373,-0.073,-0.986,0.131,1.169,7.588,-0.218,37,131
50420,-0.138,-0.999,0.188,0.822,-0.397,0.954,37,131
50468,-0.077,-0.985,0.122,1.473,-5.573,-0.248,36,130
50519,-0.074,-0.99,0.137,0.642,-0.613,2.13,18,64
50566,-0.084,-0.991,0.152,0.473,1.84,1.42,37,130
50613,-0.088,-1.003,0.169,0.42,-4.168,0.962,36,132
50660,-0.068,-0.996,0.135,0.458,-2.496,-0.501,36,132
50710,-0.078,-0.993,0.149,0.764,-0.731,0.763,38,178
50758,-0.074,-1.0,0.152,1.3,0.013,-0.137,38,133
50808,-0.081,-0.997,0.151,1.481,-0.637,0.611,36,180
50856,-0.084,-0.993,0.146,1.478,-1.046,-1.046,36,134
50907,-0.086,-0.998,0.147,1.901,-0.529,-0.47,37,179
50960,-0.098,-0.991,0.156,1.725,-0.847,0.273,37,178
51053,-0.097,-0.994,0.149,1.44,-0.427,1.58,37,179
51103,-0.075,-0.988,0.128,1.229,-3.038,0.523,37,180
51153,-0.09,-0.991,0.132,0.645,2.519,1.985,37,178
51204,-0.097,-0.999,0.133,1.003,-1.821,0.71,18,64
51254,-0.093,-0.997,0.134,0.45,-1.988,-0.369,37,179
51305,-0.091,-0.988,0.131,-0.023,-1.936,-1.321,37,180
51355,-0.093,-0.999,0.157,-0.13,-0.73,-0.493,37,179
51405,-0.101,-0.991,0.149,0.583,-3.389,-0.656,38,177
51459,-0.08,-0.991,0.152,0.366,-1.032,0.088,38,177
51509,-0.094,-0.993,0.15,0.509,-2.313,-0.423,37,178
51560,-0.077,-1.004,0.146,0.16,-1.42,0.053,38,178
51610,-0.082,-0.996,0.153,0.814,-1.677,-0.908,37,179
51661,-0.086,-0.997,0.146,1.005,1.023,-0.514,38,178
51712,-0.096,-0.997,0.158,2.206,-2.511,-1.977,36,178
51762,-0.083,-0.998,0.131,1.238,-2.099,-2.664,37,179
51810,-0.092,-0.991,0.137,1.473,0.695,-0.802,37,132
51857,-0.086,-0.996,0.145,0.88,-0.364,-0.55,37,131
51908,-0.085,-0.994,0.15,1.359,-1.487,0.916,37,131
51955,-0.084,-0.989,0.145,1.071,-0.143,1.038,37,132
52003,-0.095,-0.999,0.16,0.765,-0.046,0.634,37,133
52050,-0.082,-0.99,0.147,1.041,-1.426,1.359,37,131
52099,-0.087,-0.999,0.147,0.632,-1.718,0.542,36,131
52146,-0.072,-0.988,0.149,0.729,0.466,-0.129,36,130
52194,-0.094,-1.0,0.157,0.508,-1.668,-0.242,36,131
52241,-0.07,-0.993,0.141,0.765,-1.774,-0.908,36,130
52289,-0.085,-0.988,0.154,0.976,0.794,-1.511,37,131
52339,-0.086,-0.991,0.154,1.466,-1.337,-0.595,37,130
52387,-0.083,-0.997,0.151,1.009,-1.235,-0.562,37,129
52434,-0.072,-0.984,0.143,1.126,0.473,-1.267,37,130
52483,-0.1,-0.99,0.16,0.969,-0.076,0.281,37,130
52530,-0.08,-1.002,0.132,1.09,-2.359,-1.107,37,129
52578,-0.084,-0.985,0.153,0.874,0.748,-0.893,37,129
52625,-0.095,-0.998,0.158,0.665,-3.252,0.386,37,130
52673,-0.068,-0.991,0.133,0.762,-0.811,-0.437,37,130
52725,-0.091,-0.991,0.161,1.389,0.229,1.137,36,130
52775,-0.077,-1.0,0.143,1.225,-2.611,-0.208,38,130
52822,-0.083,-0.988,0.138,0.902,0.092,0.649,37,131
52869,-0.084,-0.991,0.155,0.913,-2.221,0.34,37,133
52915,-0.082,-0.999,0.157,0.97,-6.603,-0.142,36,133
52965,-0.061,-0.991,0.13,0.664,0.275,0.067,36,180
53011,-0.101,-0.996,0.173,0.305,1.679,0.36,36,133
53058,-0.085,-0.996,0.163,0.817,-3.298,-0.725,38,133
53107,-0.072,-0.988,0.14,0.826,-0.796,-0.611,38,178
53157,-0.079,-0.994,0.136,1.145,-0.061,0.265,37,178
53210,-0.074,-0.993,0.144,1.079,-1.07,-0.321,37,182
53260,-0.074,-0.994,0.15,0.496,-0.431,-0.284,37,178
53309,-0.069,-1.007,0.151,0.722,-0.811,-1.924,37,177
53359,-0.089,-0.985,0.173,0.914,0.603,-0.74,37,182
53408,-0.086,-0.99,0.161,1.407,-4.557,-0.763,36,185
53458,-0.061,-1.0,0.141,1.359,1.115,0.771,36,179
53551,-0.081,-0.991,0.149,1.382,-0.585,0.134,38,177
53601,-0.083,-0.997,0.154,1.366,-3.053,0.246,37,183
53650,-0.066,-0.988,0.134,0.656,-0.582,-0.307,36,177
53703,-0.098,-0.99,0.157,0.451,-1.128,0.817,37,178
53752,-0.075,-0.999,0.145,0.703,-4.824,-0.432,38,183
53803,-0.067,-0.999,0.149,0.755,0.221,-0.485,37,177
53853,-0.088,-1.0,0.155,0.745,0.382,0.086,37,183
53902,-0.083,-0.994,0.149,0.978,-1.893,-0.626,36,184
53952,-0.075,-0.99,0.151,1.168,1.458,0.182,36,178
54001,-0.084,-0.998,0.156,1.489,-1.074,-0.218,36,178
54051,-0.078,-0.993,0.133,1.603,-1.898,-0.809,37,178
54102,-0.076,-0.993,0.138,0.82,-1.529,-0.542,37,134
54151,-0.076,-0.985,0.151,0.42,-0.811,-0.039,37,178
54201,-0.073,-1.002,0.159,0.244,-0.898,-0.167,36,178
54250,-0.091,-0.989,0.16,1.292,0.344,-0.595,36,178
54297,-0.084,-0.994,0.159,1.626,-3.458,0.125,37,131
54344,-0.076,-0.99,0.145,1.908,-1.829,1.023,36,131
54391,-0.073,-1.003,0.142,1.679,0.565,1.527,36,132
54438,-0.079,-0.989,0.152,1.374,1.427,1.458,37,135
54484,-0.079,-0.991,0.158,0.858,-3.947,0.103,36,133
54544,-0.061,-0.987,0.14,0.713,0.221,-0.656,36,132
54593,-0.081,-1.0,0.153,0.298,-0.796,-0.267,36,133
54642,-0.072,-0.995,0.15,0.214,-0.76,-1.214,36,133
54692,-0.072,-0.991,0.151,0.928,-0.529,-1.023,37,134
54745,-0.086,-0.997,0.161,1.527,-0.379,-1.58,36,179
54794,-0.069,-0.999,0.147,1.855,0.267,-1.618,37,134
54843,-0.092,-0.987,0.158,1.611,-0.267,-0.977,37,133
54893,-0.071,-0.993,0.141,1.496,-1.726,-1.466,36,131
54942,-0.075,-0.992,0.151,1.259,0.42,0.468,36,130
54994,-0.068,-0.989,0.147,1.119,-0.668,-0.809,36,131
55044,-0.081,-0.993,0.159,0.764,-0.492,0.084,36,132
55094,-0.07,-0.988,0.146,0.7,-2.588,-0.558,36,132
55143,-0.075,-0.996,0.158,0.42,-1.325,0.595,36,132
55192,-0.084,-0.998,0.154,1.095,-2.191,-0.055,37,132
55244,-0.065,-0.988,0.132,0.871,-2.168,0.702,37,178
55294,-0.067,-0.993,0.158,0.603,-0.046,0.756,37,133
55346,-0.078,-0.998,0.147,0.506,0.519,0.733,37,178
55398,-0.076,-0.995,0.164,0.42,-1.954,0.16,36,179
55453,-0.068,-0.999,0.154,0.504,-1.508,-0.3,37,179
55506,-0.065,-0.997,0.152,0.843,0.664,-0.576,36,181
55559,-0.08,-0.994,0.162,1.067,-0.665,-1.29,36,184
55611,-0.068,-0.995,0.133,0.815,-1.19,-0.687,36,179
55663,-0.074,-0.999,0.152,1.341,-0.824,-0.141,36,179
55715,-0.076,-0.987,0.154,1.504,1.977,0.189,37,180
55769,-0.089,-1.002,0.156,1.145,-1.132,-0.969,37,179
55821,-0.069,-0.99,0.136,1.344,0.061,-0.962,36,184
55873,-0.075,-0.995,0.14,0.122,0.496,-1.008,36,180
55929,-0.082,-0.997,0.163,0.852,-0.367,-0.252,37,183
55982,-0.067,-0.989,0.142,0.491,-0.692,-0.49,36,182
56034,-0.081,-1.001,0.164,0.632,-0.403,-0.27,36,180
