Timestamp(ms),AccelX(g),AccelY(g),AccelZ(g),GyroX(deg/s),GyroY(deg/s),GyroZ(deg/s),DistanceLeft(cm),DistanceRight(cm)
27247,-0.14,-1.008,0.031,2.515,-1.425,-1.33,108,46
27292,-0.14,-0.97,0.073,2.667,-0.71,-0.399,104,45
27338,0.094,-0.752,0.268,8.502,3.958,4.349,105,46
27384,-0.127,-1.13,-0.086,-1.506,-11.562,-0.622,106,44
27430,-0.135,-0.933,0.096,4.91,5.238,0.466,104,44
27478,0.031,-0.817,0.235,8.842,4.426,1.94,129,44
27523,-0.141,-0.932,0.09,5.622,0.771,0.734,104,45
27572,-0.131,-0.998,0.034,2.759,0.741,0.837,105,42
27617,-0.152,-0.887,0.148,8.134,8.679,2.0,106,43
27663,-0.147,-0.983,0.101,4.243,2.261,-2.055,104,43
27708,-0.369,-1.197,-0.135,-5.166,-10.952,-7.241,106,42
27754,-0.354,-1.17,-0.091,-3.637,-14.208,-6.419,105,42
27800,-0.132,-0.968,0.086,4.864,-5.723,-0.389,113,43
27846,-0.142,-0.89,0.152,8.24,1.666,2.373,104,44
27891,-0.142,-0.984,0.07,5.422,2.937,0.977,105,44
27937,-0.157,-0.999,0.088,5.847,1.703,-1.08,104,43
27985,-0.15,-0.972,0.099,6.481,1.168,-2.632,104,44
28032,-0.138,-0.888,0.154,7.74,6.068,0.37,103,45
28078,-0.109,-0.916,0.131,6.534,10.242,1.442,102,46
28123,-0.15,-1.004,0.06,4.567,1.591,-1.639,105,46
28169,-0.129,-1.015,0.089,8.573,11.265,-2.733,105,47
28215,-0.084,-0.9,0.1,10.45,21.237,4.94,102,46
28261,-0.111,-0.901,0.154,9.908,35.748,8.496,105,48
28307,-0.2,-1.099,0.193,11.779,36.947,6.863,105,49
28353,-0.023,-0.667,0.217,9.176,25.878,20.307,105,47
28403,-0.227,-0.969,0.176,3.826,15.051,1.679,123,48
28449,-0.266,-0.781,0.163,6.504,25.39,2.267,102,49
28495,-0.268,-0.915,0.145,3.279,-6.312,-10.687,103,49
28541,-0.232,-1.002,0.116,-4.793,-14.794,-16.122,101,49
28588,-0.183,-0.835,0.129,-6.374,-20.267,-13.0,102,49
28634,-0.098,-0.785,0.157,-9.206,-19.191,-9.794,99,50
28679,-0.289,-1.067,0.151,-11.817,-21.191,-9.328,99,51
28725,-0.276,-1.055,0.148,-9.366,-16.687,-11.336,99,51
28773,-0.145,-1.0,0.105,-8.878,-8.278,-14.191,118,55
28821,-0.236,-1.028,0.148,-8.344,3.973,-12.176,92,53
28867,-0.268,-1.095,0.164,-5.565,3.118,-8.55,89,53
28913,-0.166,-1.155,0.133,-4.183,6.578,0.119,91,60
28961,-0.14,-1.228,0.116,-9.748,33.558,6.718,88,101
29009,-0.332,-1.364,0.186,-18.458,-18.433,-10.928,111,65
29058,-0.275,-1.404,-0.029,-14.809,-27.305,-17.756,112,88
29104,0.001,-0.956,-0.003,-7.107,-24.71,-14.069,85,56
29149,-0.031,-0.798,-0.003,-5.847,6.04,12.506,82,58
29196,-0.053,-1.086,-0.059,0.823,-9.863,7.832,107,60
29249,-0.072,-0.632,-0.003,10.866,-13.649,11.092,105,115
29296,-0.072,-1.032,-0.025,-5.275,-30.168,8.924,103,67
29343,-0.028,-0.79,-0.033,1.499,-27.588,8.476,102,68
29391,0.028,-0.691,-0.056,-2.366,-18.931,-7.576,100,63
29438,-0.022,-0.736,-0.02,-3.183,-1.738,7.561,101,77
29488,-0.005,-0.892,-0.091,7.441,6.085,9.353,99,96
29535,-0.038,-1.457,-0.072,-3.786,-24.355,-21.912,28,23
29625,-0.133,-1.169,-0.017,-8.817,2.555,-5.128,93,74
29675,-0.391,-1.28,-0.101,-7.786,-0.453,-8.832,91,69
29722,-0.255,-1.277,-0.035,-4.46,-0.322,-15.931,89,79
29769,-0.17,-1.546,0.064,9.947,1.804,-20.947,89,83
29816,-0.119,-1.437,-0.002,19.71,23.092,-21.29,86,85
29864,-0.07,-0.931,0.179,16.916,-12.801,-1.76,84,88
29914,0.119,-0.676,0.045,26.015,5.459,20.45,91,111
29965,0.129,-0.838,-0.067,21.504,30.824,25.084,148,92
30017,-0.034,-0.883,-0.204,16.626,44.893,25.046,146,112
30069,-0.043,-0.862,-0.152,-14.011,5.091,26.695,144,99
30130,-0.024,-0.77,-0.044,-3.633,6.759,17.855,143,0
30186,-0.071,-0.737,-0.047,0.274,24.031,12.397,142,178
30237,-0.141,-0.834,0.042,-1.855,6.707,0.485,141,103
30289,-0.265,-1.064,0.108,-6.916,-3.767,-10.587,140,101
30345,-0.106,-0.952,0.112,-10.374,7.953,-11.29,138,172
30396,-0.225,-0.828,0.189,-3.046,11.114,-14.649,137,104
30448,-0.225,-1.351,0.123,-3.777,-5.557,-12.183,135,116
30500,-0.208,-1.183,0.044,3.48,5.265,-12.573,133,107
30556,-0.199,-1.231,0.028,-6.504,-11.125,-9.511,131,171
30613,-0.305,-1.368,0.256,-25.122,-22.656,-36.058,129,166
30667,-0.027,-1.2,0.046,-12.42,-51.008,-8.588,120,158
30724,-0.032,-0.861,0.016,8.737,-1.504,9.176,125,0
30776,-0.137,-0.797,-0.003,5.239,-29.962,10.321,116,126
30822,-0.048,-0.894,-0.09,2.444,-45.718,9.611,123,33
30878,0.001,-0.805,-0.117,-4.046,-27.992,10.527,121,186
30924,-0.07,-0.767,-0.023,-4.687,-18.145,6.16,118,36
30971,-0.07,-0.784,-0.017,-4.084,-22.71,6.459,117,37
31028,-0.072,-0.868,-0.037,-4.206,-20.092,-6.479,116,163
31080,-0.062,-1.179,-0.085,-10.823,-12.817,-8.227,114,134
31136,-0.097,-1.107,-0.048,-5.443,-17.218,-9.102,113,0
31183,-0.141,-1.258,-0.002,-8.969,-12.023,-15.017,112,42
31229,-0.158,-0.997,0.078,-12.153,-19.137,-4.638,111,42
31277,-0.114,-0.985,0.096,-9.435,-25.588,-2.063,110,41
31323,-0.231,-1.119,0.008,-5.063,-12.977,-7.802,109,43
31370,-0.462,-1.398,-0.172,-12.444,-51.931,-13.42,108,44
31417,-0.234,-1.082,0.008,9.107,-13.252,-13.771,107,48
31466,-0.16,-1.207,0.008,6.695,-22.244,-13.786,105,49
31521,-0.141,-1.266,-0.005,27.035,-34.519,-7.763,102,0
31577,-0.1,-1.408,-0.025,10.809,-19.931,1.111,100,0
31624,-0.064,-1.302,-0.006,22.893,-13.303,-2.275,97,57
31671,-0.04,-0.653,0.149,18.26,-12.342,19.496,94,60
31725,-0.038,-0.791,-0.059,18.611,-0.425,32.893,92,0
31766,-0.081,-0.889,0.135,23.336,13.596,22.573,91,0
31823,-0.215,-0.944,0.122,12.328,-8.8,20.061,144,0
31875,-0.148,-0.812,0.133,0.584,-37.702,21.55,157,76
31928,-0.123,-0.703,0.086,-0.569,-34.359,18.939,158,37
31976,-0.119,-0.712,0.015,-4.344,-35.565,15.58,140,38
32021,-0.404,-0.817,-0.104,-10.153,-31.679,10.061,81,39
32065,-0.164,-0.843,0.078,-23.947,-48.42,9.542,78,42
32114,-0.248,-1.054,0.133,-36.42,-61.336,-1.231,145,45
32205,-0.232,-1.028,0.16,-21.443,-50.023,-0.506,126,43
32252,-0.225,-0.951,0.086,-10.84,-48.214,-7.992,123,43
32302,-0.223,-1.084,0.036,-11.725,-51.115,-17.45,135,44
32353,-0.148,-1.127,-0.065,-23.237,-49.26,-17.611,132,46
32400,-0.323,-1.311,-0.154,-37.046,-55.947,-13.031,115,48
32448,-0.144,-1.475,0.027,-36.656,-86.939,-17.359,112,49
32495,0.094,-0.952,-0.011,-16.626,-71.855,-8.397,113,51
32542,0.086,-0.903,-0.11,15.579,-25.069,6.183,105,46
32588,-0.11,-1.102,-0.085,8.313,-24.191,-1.573,104,48
32636,-0.08,-0.891,-0.077,-8.753,-60.725,-8.677,122,48
32685,-0.039,-0.852,-0.099,-6.733,-57.832,6.427,120,49
32735,-0.097,-0.837,-0.042,-3.008,-50.023,9.206,100,58
32782,-0.13,-0.831,-0.017,0.119,-57.542,8.534,106,55
32829,-0.1,-0.881,-0.05,3.95,-63.16,11.634,96,61
32876,-0.081,-0.859,-0.068,5.637,-51.733,11.908,103,59
32924,-0.074,-0.784,-0.1,12.548,-41.26,9.74,100,67
32971,-0.1,-0.926,-0.085,7.554,-30.855,8.817,101,61
33018,-0.089,-0.822,-0.052,5.882,-27.534,8.702,117,39
33065,-0.112,-0.991,-0.014,-5.763,-23.626,8.458,110,40
33114,-0.117,-0.922,-0.012,-6.84,-29.405,8.509,114,64
33165,-0.113,-1.082,-0.015,-5.191,-17.901,-10.491,93,71
33211,-0.194,-1.021,0.022,-5.282,-16.679,-8.824,92,54
33260,-0.232,-1.098,-0.007,-3.565,-19.168,-10.885,107,73
33307,-0.165,-1.021,0.063,0.435,-17.366,-12.649,105,63
33355,-0.228,-1.209,-0.126,-4.679,-16.275,-13.931,82,73
33408,-0.118,-1.237,-0.046,9.412,-0.042,-2.301,99,56
33454,-0.046,-1.307,0.19,11.207,12.081,10.539,92,63
33499,-0.478,-1.43,0.024,7.29,-12.915,-32.212,90,63
33545,-0.248,-1.111,0.108,8.305,-31.427,-18.961,86,69
33594,0.046,-0.71,0.025,6.076,-27.069,22.298,84,70
33640,0.017,-0.921,0.092,10.145,-16.802,36.634,87,75
33688,0.134,-1.143,-0.082,19.015,-31.823,36.786,105,75
33735,0.108,-0.725,-0.078,22.771,56.137,37.763,105,79
33783,-0.145,-0.807,0.152,8.847,56.55,36.122,103,67
33830,-0.193,-0.84,0.114,6.275,4.6,28.542,102,81
33879,-0.109,-0.744,0.222,6.095,-13.443,17.542,104,83
33927,-0.059,-0.769,-0.018,3.232,5.61,11.687,113,84
33975,-0.225,-0.882,0.036,-3.675,6.614,-0.694,99,85
34026,-0.263,-0.83,0.111,-5.298,8.756,-15.733,111,89
34074,-0.329,-0.788,0.254,-12.351,-17.573,-24.511,97,89
34122,-0.276,-0.739,0.212,-5.786,-26.87,-16.351,95,98
34170,-0.202,-1.002,0.125,0.896,-11.433,-9.298,94,95
34219,-0.243,-0.976,0.104,6.229,24.254,-13.771,91,97
34268,-0.262,-1.096,0.265,6.434,48.612,-19.939,86,113
34315,-0.27,-1.199,-0.019,-7.947,5.012,-22.939,79,99
34362,-0.276,-1.367,0.265,-24.656,-10.313,-20.779,87,100
34415,-0.269,-1.296,0.098,-18.076,-14.229,-13.45,78,132
34462,-0.2,-0.862,0.102,-18.985,-28.733,9.275,74,108
34510,-0.014,-0.808,0.105,-9.794,-37.733,17.069,79,118
34560,-0.132,-1.123,-0.032,-3.901,-53.985,14.611,79,112
34652,-0.079,-0.886,-0.067,-6.534,-43.534,17.809,92,119
34702,-0.111,-0.816,-0.022,-6.313,-35.733,19.389,92,119
34747,-0.08,-0.761,-0.029,-5.031,-22.626,17.802,92,37
34798,-0.124,-0.815,0.003,-1.916,-21.954,15.008,95,152
34849,-0.104,-0.949,-0.056,2.642,-12.969,11.031,93,153
34906,-0.09,-0.914,-0.035,3.518,-11.389,9.367,109,154
34957,-0.217,-1.051,-0.037,2.023,-11.718,-13.252,91,147
35009,-0.429,-1.321,-0.02,-4.414,-11.595,-21.649,107,159
35061,-0.264,-1.085,0.021,-0.944,-7.35,-24.0,87,158
35113,-0.264,-1.164,0.021,-0.378,-11.687,-29.076,104,159
35165,-0.285,-1.242,0.119,3.294,-21.229,-34.046,87,148
35217,-0.289,-1.42,0.162,-1.461,-43.687,-31.031,82,164
35262,-0.267,-1.481,0.204,17.931,-56.557,-18.053,90,49
35316,0.054,-1.11,-0.021,33.084,-44.618,-3.874,79,170
35369,0.146,-0.566,-0.001,28.618,19.45,30.389,98,171
35423,0.071,-0.752,-0.054,26.122,63.863,40.137,106,172
35475,-0.042,-0.811,0.015,26.855,69.756,32.389,95,159
35529,-0.089,-0.833,0.099,10.374,56.115,25.397,114,175
35582,-0.041,-0.894,0.15,14.578,48.191,15.756,94,166
35635,-0.01,-0.842,0.186,-5.435,48.781,23.041,112,148
35689,-0.28,-0.833,0.197,-4.443,-2.562,-15.785,115,171
35743,-0.227,-1.091,0.16,-6.069,-20.604,-17.099,115,172
35800,-0.269,-1.075,0.155,-3.626,-9.825,-17.473,114,172
35852,-0.245,-0.937,0.164,-5.183,7.85,-16.565,93,149
35903,-0.315,-1.085,0.204,-4.206,-2.323,-17.687,90,147
35954,-0.259,-1.223,0.151,-2.458,-19.878,-19.473,82,150
36005,-0.287,-1.158,0.165,-6.26,-5.413,-19.985,87,152
36059,-0.257,-1.255,0.196,-6.229,-9.359,-16.71,85,178
36111,-0.242,-1.284,0.216,-6.908,-17.666,-27.266,75,180
36164,-0.057,-1.31,0.12,-10.237,-9.168,12.29,86,179
36219,-0.135,-0.823,0.129,16.098,24.109,17.824,89,185
36275,-0.152,-0.89,0.007,9.802,-19.176,22.092,95,0
36329,-0.082,-0.797,-0.044,8.389,-18.107,20.489,92,195
36382,-0.091,-0.868,-0.024,-7.313,-21.87,20.374,91,194
36436,-0.132,-0.789,-0.027,-6.58,-26.344,16.359,111,175
36491,-0.07,-0.721,0.012,-6.603,-35.504,6.038,111,175
36546,-0.074,-0.812,0.01,-5.878,-16.221,-10.077,109,196
36600,-0.051,-0.844,0.163,-6.511,-12.092,6.087,112,177
36656,-0.226,-1.026,0.007,-9.985,-20.328,-9.58,106,185
36714,-0.042,-0.838,0.21,-10.198,6.199,-11.511,105,197
36769,-0.053,-0.798,0.096,-10.313,9.198,-14.679,102,0
36824,-0.28,-0.993,0.152,-6.74,1.708,-18.794,96,0
36879,0.06,-1.121,0.31,5.93,13.067,-24.038,95,0
36933,-0.295,-1.22,0.162,-2.695,-9.771,-23.893,93,0
36987,-0.149,-1.418,0.117,7.198,-12.687,-16.153,91,196
37042,-0.19,-1.406,0.027,13.55,-10.328,-9.827,91,196
37096,-0.083,-1.146,0.115,19.183,-9.076,7.716,93,0
37151,0.11,-0.58,0.007,15.763,27.221,18.74,90,0
37209,-0.073,-0.887,0.118,12.98,29.023,24.389,90,0
37264,-0.025,-0.834,0.091,13.756,30.545,21.863,106,0
37362,-0.06,-0.762,0.116,-10.192,32.748,21.763,103,0
37417,-0.131,-0.833,0.119,7.405,33.092,7.771,102,0
37473,-0.117,-0.861,0.123,3.979,22.733,3.797,108,0
37528,-0.246,-0.888,0.168,2.238,28.089,-15.069,108,0
37583,-0.147,-0.885,0.12,-3.29,14.231,-18.221,101,0
37639,-0.243,-0.948,0.193,-5.115,10.295,-20.55,99,0
37694,-0.214,-1.001,0.118,-2.366,18.829,-19.527,104,0
37747,-0.255,-1.131,0.123,-5.015,14.934,-21.267,103,0
37800,-0.229,-1.29,0.147,-9.992,27.282,-15.046,75,0
37855,-0.079,-1.322,0.314,-6.863,35.756,25.213,84,0
37908,-0.252,-1.221,0.149,-12.557,28.885,-10.321,71,0
37961,-0.146,-0.833,0.099,1.034,-5.624,-4.436,66,0
38014,0.097,-0.668,0.318,3.678,-23.0,25.136,80,0
38070,-0.089,-1.061,-0.046,-0.26,-31.824,9.351,92,0
38124,-0.076,-0.823,-0.018,-7.313,-25.962,21.786,90,0
38182,-0.08,-0.722,0.037,2.175,-16.206,28.198,90,0
38237,-0.028,-0.748,-0.054,-0.186,-8.659,27.748,90,0
38292,-0.111,-0.829,-0.025,3.606,13.686,18.786,112,0
38348,-0.136,-0.917,-0.028,1.521,-12.74,9.719,110,0
38404,-0.164,-1.059,-0.053,-0.702,-12.84,-10.076,109,0
38460,-0.231,-1.054,0.001,-8.412,-12.626,-23.221,108,0
38514,-0.248,-1.038,0.049,-10.389,-12.924,-31.687,82,0
38568,-0.234,-1.116,-0.191,-7.817,-19.366,-37.115,72,0
38622,-0.136,-1.266,-0.014,-7.489,-15.565,-35.733,81,0
38680,-0.235,-1.292,0.104,-2.248,-10.061,-26.176,79,0
38733,-0.116,-1.426,0.161,9.183,11.22,7.536,86,0
38789,-0.005,-1.189,0.119,26.794,31.288,39.132,99,0
38850,-0.013,-0.628,0.048,23.809,9.978,23.985,0,0
38910,-0.049,-0.857,0.021,15.855,8.036,30.359,0,0
38972,0.035,-0.833,-0.028,17.855,37.137,38.321,0,0
39031,-0.11,-0.795,0.114,7.115,51.573,35.947,169,0
39092,-0.144,-0.811,0.133,9.008,18.817,27.809,0,0
39153,-0.134,-0.874,0.055,8.466,26.893,12.908,0,0
39216,-0.34,-1.079,0.096,-7.131,-0.97,-28.649,166,0
39276,-0.235,-0.809,0.109,4.25,19.342,-20.985,0,0
39337,-0.27,-0.833,0.119,-5.099,5.412,-32.618,0,0
39396,-0.294,-0.826,0.142,-3.748,7.562,-39.885,161,0
39455,-0.234,-1.195,0.093,-0.175,11.284,-36.84,159,0
39514,-0.29,-1.148,0.121,-13.313,-1.78,-25.435,157,0
39572,-0.382,-1.445,0.169,-14.779,17.664,-13.412,154,0
39630,-0.288,-1.224,0.093,-5.847,-19.977,79.281,152,0
39689,-0.156,-0.745,0.086,-4.832,-29.809,32.924,149,0
39750,-0.228,-1.042,-0.015,4.614,-33.855,45.817,145,0
39808,-0.115,-0.89,-0.066,2.855,-35.069,55.031,143,0
39869,-0.38,-0.758,0.004,-8.206,-21.374,65.992,0,0
39930,-0.256,-0.794,0.02,-1.924,-27.168,64.321,0,0
39992,-0.142,-0.868,-0.06,-8.397,-40.061,46.802,0,0
40039,-0.149,-0.965,-0.052,-8.779,-20.954,18.45,0,0
40086,-0.341,-1.131,-0.034,-5.84,-16.809,-11.076,0,0
40133,-0.223,-1.026,-0.009,-5.221,-15.962,-39.206,0,0
40238,-0.377,-1.111,0.02,-11.618,-14.0,-58.214,0,0
40289,-0.306,-1.136,0.101,-14.046,-14.359,-63.031,0,0
40355,-0.335,-1.298,0.14,-7.771,-23.573,-66.221,0,0
40401,-0.251,-1.491,0.104,-38.309,-30.084,-64.221,0,0
40462,-0.381,-1.302,0.156,15.618,-22.214,-44.221,0,0
40508,-0.337,-1.195,-0.094,28.023,-15.385,-30.785,0,0
40567,-0.115,-0.681,0.119,29.099,11.217,20.824,0,0
40628,-0.056,-0.76,0.093,19.55,25.565,31.084,199,0
40687,0.016,-0.739,0.164,31.962,33.809,42.832,196,0
40748,-0.009,-0.825,0.046,17.863,73.038,42.748,195,0
40810,-0.192,-0.807,0.187,3.081,35.802,32.58,0,0
40870,-0.049,-0.752,0.1,7.156,26.274,19.16,0,0
40931,-0.118,-0.863,0.127,6.85,29.122,31.004,0,0
40990,-0.232,-1.136,0.113,-10.238,31.252,-15.061,0,0
41051,-0.254,-1.132,0.149,-9.672,-16.509,-35.031,191,0
41110,-0.265,-0.989,0.165,-12.153,15.174,-46.847,189,0
41165,-0.231,-1.182,0.126,-6.924,-25.612,-47.542,109,0
41220,-0.245,-1.204,0.177,-10.718,30.107,-33.504,107,0
41275,-0.269,-1.423,0.096,-15.802,32.29,-24.664,106,0
41333,-0.285,-0.92,0.176,-12.183,25.756,-13.679,105,0
41388,-0.192,-0.855,0.097,-11.397,-1.683,10.405,103,0
41442,-0.12,-0.891,0.004,-7.26,-26.481,12.985,101,0
41497,0.016,-0.871,-0.083,3.034,-12.382,22.786,99,0
41551,0.0,-0.822,-0.057,-8.695,17.877,27.87,98,0
41606,-0.097,-0.834,0.018,-9.969,-13.18,24.916,96,0
41660,0.025,-0.852,-0.097,6.977,17.783,16.695,95,0
41714,-0.008,-0.802,-0.105,13.404,31.626,8.229,94,0
41768,-0.115,-0.881,-0.057,9.595,45.924,9.803,94,0
41826,-0.116,-1.308,-0.067,-19.549,35.214,-7.702,28,5
41880,-0.173,-1.041,-0.041,4.215,39.412,-10.076,95,0
41934,-0.109,-1.137,-0.113,12.397,51.069,-12.649,95,0
41989,-0.515,-1.236,-0.042,15.137,67.015,-15.489,28,5
42043,-0.033,-0.97,-0.089,24.817,64.863,-18.176,96,0
42097,-0.232,-1.039,-0.036,27.595,73.221,-16.687,97,0
42152,-0.161,-1.215,-0.148,36.626,89.366,-11.038,97,0
42207,-0.083,-0.992,-0.057,29.244,91.679,-15.115,99,0
42251,-0.135,-0.813,0.003,27.931,97.855,-7.716,99,0
42305,-0.328,-0.856,-0.049,24.947,82.649,-5.267,100,0
42346,0.012,-0.966,-0.083,29.634,77.557,-2.261,102,0
42394,0.01,-1.116,-0.039,24.527,113.344,-8.204,103,69
42437,0.079,-0.888,0.103,16.962,138.214,6.687,39,64
42480,-0.268,-0.973,0.227,13.786,101.298,-3.609,51,55
42523,-0.143,-1.093,0.107,17.641,77.099,-17.926,43,50
42566,-0.137,-0.808,0.089,17.183,83.718,-12.511,43,49
42609,0.011,-0.774,0.138,15.634,90.931,-16.435,45,47
42654,-0.235,-1.06,-0.013,12.756,96.924,-19.672,47,44
42696,-0.286,-1.152,0.118,-11.743,81.305,-18.939,41,42
42739,-0.357,-1.282,-0.163,-13.961,71.779,-11.992,43,40
42781,-0.214,-1.026,0.06,6.718,77.237,-8.107,43,38
42823,-0.189,-0.839,-0.166,9.595,79.565,-9.482,45,37
42908,-0.304,-1.142,0.021,21.489,80.038,10.405,47,34
42951,-0.17,-1.198,-0.105,29.962,66.031,11.31,48,33
42993,-0.208,-1.115,-0.1,21.351,76.26,-13.904,50,31
43035,-0.137,-0.846,-0.041,13.489,75.069,-10.351,50,30
43080,-0.24,-1.013,0.01,13.901,58.45,-8.13,53,29
43122,-0.301,-1.05,-0.032,10.84,46.809,-11.687,53,29
43165,0.137,-0.676,-0.063,11.748,52.817,-15.893,55,28
43207,-0.184,-0.988,-0.043,11.916,60.893,-17.435,56,27
43250,-0.068,-0.844,-0.044,10.847,59.611,-18.252,57,26
43292,-0.223,-1.124,-0.013,11.74,56.878,-19.366,57,26
43335,-0.105,-0.926,-0.027,14.214,54.137,-19.099,58,26
43378,-0.247,-1.085,-0.012,18.573,60.45,-15.29,69,26
43430,-0.265,-1.132,0.019,22.908,64.435,-14.519,68,136
43480,-0.27,-1.03,0.115,16.084,43.359,-11.397,59,135
43537,-0.15,-0.867,-0.037,17.046,56.458,-1.201,0,137
43594,-0.277,-0.98,-0.036,21.748,55.702,10.916,0,141
43652,-0.137,-0.824,-0.09,19.382,69.672,-4.651,0,145
43709,-0.224,-1.064,0.151,6.55,59.786,8.214,0,146
43767,-0.338,-1.111,0.178,-11.314,30.58,-6.162,0,146
43828,-0.116,-0.875,0.14,7.453,39.153,10.187,0,0
43888,-0.427,-1.168,0.156,6.061,32.863,-22.886,0,0
43952,0.03,-0.794,0.135,7.502,28.71,-11.863,0,0
44012,-0.28,-0.976,0.207,-4.031,19.893,-10.374,0,0
44073,-0.327,-1.102,0.119,-6.941,-22.13,-10.046,0,0
44134,-0.188,-0.994,0.067,-4.71,8.057,-9.366,0,0
44194,-0.238,-1.001,0.124,-2.786,16.554,-13.405,0,0
44256,-0.096,-0.882,0.013,-2.709,20.847,-7.212,0,0
44316,-0.202,-0.865,0.089,-7.969,31.963,13.514,0,0
44377,-0.15,-0.919,0.011,-2.107,2.676,9.046,0,0
44445,-0.102,-1.154,-0.043,-3.641,-13.473,9.658,0,0
44506,-0.014,-1.039,-0.044,-6.076,13.675,9.129,0,0
44568,-0.191,-1.032,-0.018,-9.122,-7.262,-2.868,0,0
44628,-0.364,-1.11,0.012,-7.206,-19.811,-6.759,0,0
44688,0.075,-0.754,-0.005,4.754,16.472,8.387,0,0
44748,-0.124,-0.92,-0.005,1.703,-2.848,3.317,0,0
44809,-0.117,-0.991,-0.052,4.719,6.284,4.369,0,0
44868,-0.226,-0.949,0.049,4.168,6.584,6.248,0,0
44929,0.081,-0.746,-0.013,6.084,7.716,15.598,0,0
44989,-0.195,-0.959,-0.012,6.733,2.613,0.435,0,0
45048,-0.11,-0.857,-0.018,8.221,7.924,3.27,0,0
45112,-0.092,-0.766,0.014,9.344,18.546,2.076,0,0
45171,-0.257,-0.843,-0.021,11.084,-0.264,-5.376,0,0
45232,-0.16,-0.722,0.078,14.366,20.176,-2.44,0,0
45292,-0.332,-0.731,0.023,16.351,27.29,-3.699,0,0
45351,-0.251,-1.185,0.007,12.015,9.117,-4.499,0,0
45412,-0.115,-1.18,0.019,16.214,20.733,1.541,0,0
45472,-0.232,-1.128,0.12,-2.626,20.328,15.588,0,0
45533,-0.284,-1.477,-0.004,-3.16,-19.675,16.153,0,0
45593,-0.116,-0.82,0.064,-9.382,28.275,9.206,0,0
45656,-0.349,-0.954,0.194,-3.153,32.389,15.687,0,0
45759,-0.21,-0.846,0.099,-3.649,5.084,-9.111,0,0
45819,-0.312,-0.843,0.151,-0.726,-5.592,-12.94,0,0
45879,-0.254,-0.825,0.1,1.396,-19.092,-11.634,0,188
45938,-0.352,-0.728,-0.079,-2.945,-17.786,-9.061,0,190
45998,-0.226,-0.689,0.089,-5.785,-28.939,-14.714,0,187
46057,-0.223,-0.794,0.068,0.414,-18.443,-3.843,0,185
46117,-0.116,-0.792,-0.005,1.617,0.147,2.31,0,186
46177,-0.312,-1.514,0.272,-3.031,7.08,5.979,0,188
46238,-0.092,-1.063,-0.004,2.735,-15.824,6.26,0,179
46298,-0.445,-1.652,0.159,-18.771,-9.804,18.832,0,181
46357,-0.225,-1.192,-0.051,12.924,-47.954,-9.435,0,187
46417,-0.325,-1.135,-0.024,-5.595,-0.632,-15.336,0,188
46477,-0.306,-0.845,0.097,10.321,7.202,-8.481,0,188
46536,-0.258,-0.812,0.108,-6.061,-0.36,2.934,0,184
46597,-0.259,-0.847,-0.022,-10.958,-23.855,8.519,0,188
46656,-0.023,-0.866,-0.01,9.963,-11.847,12.26,0,190
46715,-0.117,-0.853,-0.054,7.74,14.847,6.313,0,191
46772,-0.224,-0.758,0.066,7.137,21.191,10.473,0,78
46826,-0.251,-0.717,0.05,10.221,5.599,6.901,0,79
46879,-0.207,-0.692,0.024,14.0,3.546,-3.375,0,76
46932,-0.114,-0.712,-0.015,20.42,29.099,0.989,0,72
46985,-0.266,-1.229,-0.056,10.229,14.121,-4.733,0,63
47038,-0.316,-1.384,0.097,11.389,-20.382,-11.0,0,74
47091,-0.142,-1.437,0.029,-1.66,-8.859,-6.43,0,69
47144,-0.298,-1.292,0.204,-12.573,32.679,-1.762,0,76
47199,-0.447,-1.198,0.316,-16.893,-24.87,17.214,0,69
47255,-0.183,-0.695,0.131,-9.504,-32.099,12.061,0,82
47308,-0.112,-0.808,0.133,-5.168,48.374,16.893,0,85
47362,-0.295,-0.843,0.138,-2.733,26.044,16.452,0,83
47415,-0.333,-0.822,0.086,-2.272,-12.916,-11.244,0,79
47469,-0.317,-0.812,0.109,-3.252,-18.129,-9.656,0,80
47522,-0.412,-0.824,0.108,-5.421,-16.512,-19.502,0,80
47577,-0.317,-0.796,0.093,-3.927,-2.345,-5.625,0,73
47629,-0.164,-0.693,0.106,-0.812,13.19,5.833,0,67
47682,-0.248,-0.772,0.129,-2.809,-1.787,2.965,0,66
47737,-0.526,-0.833,-0.294,-15.687,-13.499,-26.473,5,20
47795,-0.211,-1.091,0.042,-5.702,2.833,-5.115,0,65
47847,-0.273,-1.47,-0.031,7.092,-0.515,-25.023,0,68
47900,-0.266,-1.442,0.087,8.468,16.944,-14.794,0,68
47953,-0.391,-1.562,0.138,15.092,-21.702,-26.802,0,70
48006,-0.115,-0.78,-0.16,-5.603,-9.533,11.443,0,59
48059,-0.304,-1.072,0.029,-18.595,32.855,18.656,0,68
48113,-0.422,-0.874,0.2,6.427,-23.214,1.081,0,77
48166,-0.065,-0.842,-0.022,17.442,-29.496,-16.473,0,73
48223,-0.138,-0.8,-0.081,12.298,13.964,-0.428,0,75
48276,-0.291,-0.893,0.095,13.781,26.584,15.655,0,82
48329,-0.205,-0.84,0.023,0.806,-12.55,4.826,0,74
48384,-0.257,-0.979,0.04,-2.12,-8.097,8.595,0,83
48437,-0.256,-0.981,0.009,8.977,-11.391,-2.834,0,75
48490,-0.24,-0.792,0.089,13.504,12.106,-4.386,0,64
48586,-0.139,-0.731,-0.026,19.427,21.16,-5.991,0,72
48640,-0.302,-0.896,0.098,10.26,19.74,5.353,0,65
48693,-0.276,-1.336,0.059,1.432,-7.264,-0.201,0,76
48749,-0.082,-0.87,0.09,-14.496,3.546,23.176,0,68
48802,-0.405,-1.223,0.285,-24.672,8.73,33.084,0,69
48856,-0.257,-1.37,0.074,-10.977,-66.641,-0.384,0,75
48909,-0.078,-0.814,0.158,-13.893,-10.977,8.49,0,70
48962,-0.272,-0.941,0.214,-3.855,9.158,7.92,0,75
49015,-0.277,-0.788,0.165,8.611,-6.047,6.466,0,69
49070,-0.024,-0.882,0.096,7.687,23.992,16.362,0,84
49124,-0.283,-0.828,0.148,6.855,18.269,-7.733,0,76
49177,-0.258,-1.109,0.092,-8.875,-34.311,-13.992,0,75
49234,-0.003,-0.828,0.087,-2.023,27.639,-9.122,0,85
49288,-0.229,-0.747,0.12,-2.679,19.023,-6.198,0,66
49341,-0.248,-0.625,0.145,-2.038,21.244,-2.747,0,75
49394,-0.259,-0.689,0.116,0.145,10.18,4.077,0,73
49447,-0.331,-0.719,-0.071,0.274,5.913,-7.163,0,63
49501,-0.261,-0.962,0.301,-2.145,33.802,-1.556,0,63
49553,-0.404,-1.656,0.001,3.436,-20.206,-20.099,0,61
49606,-0.269,-1.615,-0.01,-3.397,-21.061,-10.618,0,66
49659,-0.073,-1.37,-0.091,-6.954,29.679,6.238,0,63
49716,-0.385,-1.185,0.127,-2.267,21.29,-11.84,0,66
49769,-0.311,-0.872,0.125,-4.45,0.789,-12.656,0,64
49822,-0.296,-0.788,0.13,-6.214,-19.641,0.594,200,66
49875,-0.229,-0.852,0.021,-0.569,-22.885,-1.798,199,68
49929,-0.072,-0.857,-0.12,6.053,1.988,11.863,197,70
49982,-0.165,-0.811,-0.009,7.628,31.695,18.45,196,73
50035,-0.296,-1.021,0.062,-2.74,6.569,10.288,195,70
50088,-0.253,-0.944,0.063,4.511,-13.672,-10.664,195,72
50142,-0.246,-0.879,0.016,1.246,-9.565,-17.618,194,70
50199,-0.308,-0.942,0.101,5.78,-8.856,-16.855,192,72
50252,-0.26,-0.85,-0.005,6.321,-22.893,-15.0,191,75
50306,-0.288,-0.802,-0.041,9.328,-2.124,-11.525,190,72
50359,-0.25,-0.776,0.2,14.733,14.901,9.057,189,82
50412,-0.249,-0.685,0.093,18.832,10.901,-0.896,186,77
50465,-0.112,-0.696,-0.006,15.573,24.066,9.139,184,79
50516,-0.28,-1.156,0.013,-0.46,2.313,13.282,182,61
50570,-0.245,-1.354,0.099,-2.55,-17.962,14.214,180,73
50622,-0.145,-1.273,0.093,-14.13,23.595,36.221,178,61
50677,-0.305,-1.358,0.177,-23.687,-12.305,14.229,176,68
50728,-0.226,-1.101,0.159,-6.397,-26.269,11.137,175,63
50781,-0.235,-1.049,0.133,-4.962,-17.497,-9.13,174,66
50833,-0.206,-0.795,0.141,6.008,7.02,-4.708,173,62
50883,-0.343,-0.854,0.205,0.201,8.746,-1.512,172,45
50933,-0.323,-0.864,0.175,11.588,-24.603,3.568,170,42
50983,-0.241,-0.951,0.086,4.917,-16.573,-9.74,169,42
51035,-0.239,-0.865,0.094,6.641,28.393,-8.893,168,43
51088,-0.233,-0.758,0.091,5.904,9.177,2.922,166,43
51138,-0.25,-0.688,0.109,-5.518,-7.517,8.702,164,44
51188,-0.147,-0.703,0.075,2.793,17.064,10.397,163,46
51281,-0.118,-0.827,0.02,6.313,19.476,1.151,159,49
51332,-0.056,-0.864,0.089,-7.374,12.786,6.704,157,50
51381,-0.417,-1.307,-0.054,-13.412,1.133,-18.333,156,51
51431,-0.389,-1.433,0.153,-15.252,-13.679,-11.679,155,51
51481,-0.25,-1.566,0.022,-4.779,-41.664,-11.076,153,50
51531,-0.284,-1.364,0.098,-7.344,-11.679,1.004,153,56
51590,-0.371,-1.148,0.131,6.875,-12.687,-13.794,152,58
51638,-0.296,-0.875,0.095,-4.73,-31.534,-18.42,151,49
51687,-0.129,-0.771,-0.032,10.87,-16.45,-1.258,149,46
51735,-0.376,-0.783,-0.139,-3.015,24.008,9.855,148,43
51783,-0.28,-0.896,-0.094,-2.864,-10.841,8.656,147,54
51831,-0.022,-0.779,-0.051,8.931,17.624,8.046,145,45
51879,-0.244,-0.851,0.114,-3.924,5.697,11.494,144,58
51928,-0.154,-0.974,0.001,-3.282,-1.597,8.669,143,38
51976,-0.268,-1.009,0.049,-7.359,-17.679,-10.908,141,63
52026,-0.15,-0.785,-0.018,9.181,10.254,-14.29,140,38
52074,-0.247,-0.8,0.138,10.094,20.56,-12.458,138,40
52121,-0.239,-0.699,0.017,8.817,4.075,-7.656,137,41
52168,-0.214,-0.691,0.021,10.649,7.475,-2.088,135,44
52216,-0.171,-0.675,0.004,10.412,9.331,6.112,133,58
52265,-0.109,-0.65,-0.064,13.634,31.244,12.496,132,75
52314,-0.236,-0.864,0.228,3.563,21.779,15.931,129,64
52362,-0.344,-1.449,0.027,5.992,-22.357,-9.27,128,58
52410,-0.141,-1.242,0.061,1.57,3.725,1.643,125,61
52460,-0.4,-1.427,0.274,-22.718,23.336,18.664,123,60
52508,-0.356,-1.49,0.15,-7.901,-30.191,-0.757,122,60
52556,-0.235,-1.148,0.134,-6.435,-16.313,1.303,120,62
52604,-0.113,-0.762,0.092,-4.244,22.901,9.023,119,82
52653,-0.235,-0.805,0.132,3.55,23.069,18.023,118,69
52700,-0.239,-0.764,0.115,12.245,27.977,15.26,116,60
52748,-0.258,-0.751,0.111,4.482,18.672,11.389,115,72
52796,-0.245,-0.822,0.043,0.09,5.612,-1.881,113,72
52846,-0.25,-0.843,0.034,-1.381,1.212,-12.969,112,70
52893,-0.243,-0.744,-0.009,-0.439,5.829,-15.305,110,54
52941,-0.226,-0.76,0.227,2.421,21.061,-12.672,108,82
52988,-0.222,-0.689,0.252,-2.412,30.809,-8.931,107,62
53035,-0.316,-0.801,-0.032,-8.455,36.595,-12.16,105,55
53082,-0.215,-0.751,-0.064,-4.189,64.527,0.345,103,57
53128,-0.237,-0.828,-0.003,-13.382,53.542,13.921,102,64
53175,-0.372,-1.425,-0.007,-7.855,-2.147,-16.725,101,52
53221,-0.245,-1.611,-0.13,-2.961,-15.872,-23.13,100,56
53270,-0.396,-1.587,-0.219,6.366,-40.871,-32.374,91,54
53316,-0.077,-1.128,-0.185,-10.405,31.524,6.165,90,62
53362,-0.129,-1.143,-0.179,-21.908,59.931,6.282,90,65
53408,-0.351,-0.968,0.041,-6.282,53.893,-1.107,90,61
53454,-0.248,-0.824,-0.016,10.407,32.916,-8.076,90,64
53500,-0.262,-0.87,-0.017,9.137,25.947,-15.038,89,61
53547,-0.13,-0.92,-0.154,21.924,38.58,-8.412,96,64
53594,-0.268,-0.98,-0.071,20.137,59.26,-4.934,96,63
53641,-0.242,-1.076,-0.081,15.473,43.702,6.107,96,70
53734,-0.138,-0.828,-0.128,12.702,34.969,8.702,95,78
53781,-0.238,-0.839,-0.059,11.183,33.618,9.894,94,75
53828,-0.145,-0.782,-0.126,12.649,26.74,0.756,94,76
53876,-0.176,-0.76,-0.076,15.672,49.321,2.514,92,84
53923,-0.268,-0.812,-0.028,22.092,47.282,-3.459,92,76
53970,-0.268,-0.838,-0.055,35.176,49.802,-8.824,91,76
54020,-0.205,-0.853,-0.056,36.664,53.634,-7.939,90,116
54069,-0.34,-1.298,-0.009,33.397,68.397,-22.897,26,35
54118,-0.301,-1.31,0.051,12.107,21.663,5.847,87,118
54165,-0.332,-1.577,0.117,-7.172,-12.0,6.115,78,118
54214,-0.002,-1.238,-0.029,5.813,22.127,28.573,86,116
54269,-0.117,-1.266,0.023,7.458,57.214,22.679,0,121
54326,-0.081,-0.889,0.131,15.206,39.366,19.962,0,119
54381,-0.14,-0.799,0.063,17.878,40.656,13.26,0,119
54436,-0.009,-0.845,0.125,24.313,36.321,26.388,0,106
54492,-0.224,-0.945,0.014,24.878,43.168,-13.221,0,106
54547,-0.307,-0.858,0.112,13.237,29.557,-16.718,0,106
54605,-0.256,-0.833,0.122,13.187,21.885,-13.695,0,108
54661,-0.265,-0.803,0.215,14.136,38.753,-13.221,0,109
54717,-0.424,-0.727,-0.125,-7.565,-19.165,-8.733,0,110
54772,-0.25,-0.74,-0.064,-2.841,31.939,-10.702,0,111
54828,-0.315,-0.846,0.09,9.168,-0.749,-11.055,0,113
54884,-0.256,-0.796,0.004,6.481,32.198,7.16,0,115
54939,-0.492,-1.365,0.186,-6.015,-6.936,-0.005,0,117
54995,-0.229,-1.292,0.014,8.359,-43.115,13.466,0,121
55052,-0.145,-1.884,-0.175,-2.307,-13.275,8.496,0,123
55111,-0.122,-0.966,-0.017,10.084,69.344,11.405,0,123
55168,-0.355,-0.841,0.126,-9.809,53.267,12.313,0,123
55224,-0.377,-0.844,0.164,-3.972,-30.351,-7.038,0,124
55280,-0.142,-0.84,-0.028,-12.137,-32.252,-10.405,0,125
55337,-0.292,-1.063,-0.007,9.786,-12.367,-12.672,0,127
55394,-0.224,-0.959,-0.021,16.397,20.171,-17.954,0,127
55450,-0.288,-1.115,-0.124,10.924,24.748,-18.038,0,129
55507,-0.363,-0.907,0.117,10.504,9.585,-20.58,0,129
55564,-0.269,-0.857,0.063,11.359,-22.489,-22.076,0,131
55624,-0.355,-0.706,-0.115,14.748,-17.397,-8.13,0,131
55682,-0.357,-0.625,-0.008,18.702,-36.206,7.183,0,135
55738,-0.176,-0.667,-0.011,21.87,33.229,13.023,0,136
55795,-0.312,-0.674,-0.045,16.824,39.42,11.336,0,137
55848,-0.357,-1.269,0.094,6.649,38.725,10.061,0,60
55906,-0.268,-1.239,0.17,-2.885,-41.057,9.748,0,141
55963,-0.525,-1.744,0.356,-29.267,-16.511,12.779,0,145
56022,-0.219,-1.097,0.224,-15.053,-38.038,25.031,0,146
56079,-0.254,-1.289,0.151,-11.008,-31.771,0.214,0,148
56139,-0.125,-0.811,0.12,9.191,-10.795,7.573,178,151
56192,-0.26,-0.868,0.167,11.431,25.411,8.27,175,68
56244,-0.265,-0.854,0.133,11.588,-17.761,-17.192,174,81
56296,-0.284,-0.888,0.106,1.705,-5.658,-8.656,173,66
56347,-0.232,-0.732,0.116,11.794,8.107,3.146,172,77
56406,-0.24,-1.07,0.133,-3.069,4.529,-6.716,0,156
56503,-0.228,-0.839,0.131,-3.908,6.812,4.098,0,79
56561,-0.277,-0.835,0.161,-4.16,13.237,5.307,0,159
56613,-0.225,-0.75,0.14,-2.831,-0.463,-14.122,0,55
56676,-0.245,-0.647,0.16,4.631,29.205,-11.336,0,161
56729,-0.159,-0.648,0.062,7.374,25.336,-2.509,0,66
56782,-0.229,-0.71,0.016,-5.364,20.427,-9.139,0,62
56836,-0.422,-1.401,0.116,-4.939,-11.198,-13.756,0,68
56889,-0.072,-1.336,-0.115,10.214,-21.076,-9.962,0,70
56937,-0.304,-1.714,0.096,-13.237,42.142,19.56,106,66
56990,-0.299,-1.496,0.105,6.855,19.115,5.697,0,68
57038,-0.331,-1.238,0.234,-5.321,-6.622,-7.802,107,62
57092,-0.325,-0.885,0.194,-2.649,-13.023,-9.405,0,60
57157,-0.219,-0.651,0.086,1.159,-33.351,-7.615,0,68
57208,-0.226,-0.873,0.13,7.907,-26.412,-7.924,111,74
57257,-0.118,-0.949,-0.072,13.168,-11.748,-8.481,104,57
57309,-0.231,-1.009,0.016,1.932,-4.719,-8.168,102,69
57357,-0.067,-0.795,0.177,-9.321,0.787,8.664,102,49
57413,-0.238,-0.924,0.089,-14.901,2.046,16.504,0,75
57463,-0.229,-0.919,0.097,-8.053,-10.634,11.885,105,63
57513,0.074,-0.891,0.108,-1.954,17.773,13.437,106,73
57567,-0.069,-0.851,0.098,13.473,11.612,6.526,103,58
57622,0.09,-0.76,0.309,14.145,42.268,10.773,0,69
57672,-0.232,-0.724,0.094,16.74,22.863,0.389,100,67
57723,-0.376,-0.778,-0.098,24.733,19.191,-12.178,126,50
57779,-0.135,-0.636,0.082,20.206,15.481,-3.455,0,65
57834,-0.131,-0.882,-0.005,11.947,46.389,11.069,199,62
57890,-0.365,-1.347,0.18,7.075,8.043,-1.573,198,68
57942,-0.171,-1.307,0.141,0.253,12.405,7.053,117,62
57997,-0.49,-1.807,0.306,-28.435,-9.504,-15.458,194,68
58056,-0.22,-1.104,0.252,-9.435,-29.511,1.581,193,72
58107,-0.177,-1.046,0.118,-12.206,-21.031,-6.484,112,69
58169,-0.122,-0.688,0.129,-3.012,-13.944,9.725,192,69
58223,-0.118,-0.811,0.131,-4.557,6.374,9.87,191,78
58274,-0.319,-1.168,0.097,-8.606,-25.214,-10.355,130,73
58326,-0.399,-1.304,-0.2,-7.771,-22.405,-18.979,110,85
58375,-0.144,-0.919,0.144,-13.74,-23.176,0.832,110,60
58423,-0.225,-1.023,0.191,-10.878,-16.901,0.879,97,58
58471,-0.271,-1.203,0.167,-11.229,-35.901,-2.657,96,53
58522,-0.105,-1.067,-0.0,9.359,-20.42,-9.038,84,63
58572,-0.079,-0.696,0.084,7.572,16.007,9.763,121,73
58624,-0.198,-0.782,0.186,-3.634,21.366,10.176,119,86
58675,-0.311,-1.104,0.09,-0.635,-14.573,-6.253,111,83
58724,-0.141,-0.817,0.014,-5.076,-22.351,-7.634,115,53
58773,-0.463,-1.246,-0.195,-8.137,-42.709,-24.258,111,46
58822,-0.248,-1.191,-0.085,-4.924,-20.344,-11.389,112,50
58870,-0.211,-0.987,-0.017,-1.832,-12.046,-8.756,112,50
58923,-0.423,-1.209,-0.173,-4.74,-21.196,-15.823,112,48
58971,-0.296,-1.066,-0.02,-3.466,-6.545,9.977,112,48
59020,-0.248,-0.922,0.088,-3.313,0.168,10.131,112,50
59069,-0.073,-0.852,0.195,4.511,-18.16,6.668,111,49
