Timestamp(ms),AccelX(g),AccelY(g),AccelZ(g),GyroX(deg/s),GyroY(deg/s),GyroZ(deg/s),DistanceLeft(cm),DistanceRight(cm)
33857,-0.117,-0.962,0.222,1.386,1.226,-1.787,0,76
33906,-0.153,-0.972,0.208,0.599,-0.063,-2.073,113,103
33955,-0.046,-0.962,0.275,0.985,0.732,0.152,113,102
34003,-0.271,-0.966,0.125,-2.577,-2.1,-5.065,34,23
34052,-0.126,-0.977,0.231,-0.583,-1.308,-1.214,113,75
34105,-0.005,-0.962,0.3,0.647,0.649,0.91,0,75
34157,-0.027,-0.975,0.296,0.699,0.603,1.108,0,73
34213,-0.118,-0.979,0.224,0.603,-1.163,0.289,0,73
34266,-0.098,-0.97,0.234,1.149,0.87,1.134,0,73
34319,-0.126,-0.972,0.229,1.334,-0.965,1.115,0,73
34372,-0.199,-0.97,0.175,-0.333,-2.56,0.86,0,74
34424,-0.19,-0.979,0.183,0.274,-1.722,0.384,0,74
34478,-0.162,-0.966,0.204,1.219,-1.672,-0.028,0,73
34530,-0.121,-0.969,0.221,1.751,-1.545,0.708,0,73
34583,-0.176,-0.974,0.185,0.893,-1.73,0.553,0,73
34636,-0.072,-0.968,0.254,2.987,0.322,1.069,0,73
34689,-0.144,-0.975,0.213,1.006,-1.452,-0.75,0,73
34745,-0.099,-0.972,0.235,2.188,-0.067,0.184,0,73
34797,-0.101,-0.971,0.242,2.124,0.271,0.633,0,73
34850,-0.182,-0.97,0.191,0.289,-0.8,0.189,0,73
34904,-0.033,-0.98,0.286,4.458,0.755,2.462,0,73
34956,-0.078,-0.964,0.269,4.276,0.425,2.003,0,74
35009,-0.112,-0.968,0.222,2.693,0.426,1.878,0,73
35062,-0.132,-0.973,0.227,3.007,1.004,2.595,0,74
35116,-0.138,-0.963,0.219,2.531,0.795,1.812,0,75
35168,-0.173,-0.968,0.196,1.005,1.158,0.134,0,75
35224,-0.137,-0.965,0.245,2.126,0.72,1.373,0,76
35273,-0.213,-0.969,0.176,-0.105,-1.893,-0.391,127,75
35321,-0.166,-0.965,0.2,1.381,1.373,1.965,126,74
35371,-0.097,-0.969,0.25,3.323,3.901,4.682,126,73
35419,-0.154,-0.97,0.218,1.348,1.547,2.31,126,73
35469,-0.192,-0.966,0.191,0.32,0.754,0.056,126,100
35519,-0.193,-0.966,0.209,0.383,0.349,0.387,125,98
35568,-0.195,-0.971,0.186,0.505,-1.19,1.092,126,72
35616,-0.145,-0.972,0.197,2.586,0.54,2.731,126,71
35670,-0.089,-0.975,0.261,6.449,4.102,4.741,121,97
35720,-0.182,-0.97,0.208,2.231,0.935,0.752,122,97
35775,-0.12,-0.966,0.245,6.682,0.108,3.962,0,127
35831,-0.134,-0.963,0.233,7.166,0.757,5.01,0,128
35888,-0.165,-0.96,0.217,6.209,0.804,3.627,0,126
35941,-0.205,-0.964,0.186,2.759,0.063,0.681,0,70
35996,-0.147,-0.96,0.229,9.945,1.59,7.041,0,123
36051,-0.174,-0.916,0.194,6.98,-1.539,6.974,0,94
36106,-0.142,-0.979,0.224,4.504,-2.122,7.452,0,96
36161,-0.211,-1.0,0.172,-2.058,-9.563,-5.061,0,69
36211,-0.057,-0.884,0.257,4.213,30.619,13.079,126,93
36265,-0.053,-1.058,0.418,2.784,40.382,26.341,0,91
36320,-0.04,-1.976,0.38,5.801,28.542,17.874,0,94
36375,0.23,-0.825,0.254,13.275,23.176,68.779,0,115
36430,-0.026,0.04,0.678,14.971,28.214,26.336,0,112
36530,-0.487,-1.261,0.026,-9.61,-86.366,-126.542,5,38
36590,-0.113,-1.903,-0.589,60.656,52.748,-167.886,0,0
36637,-0.317,-0.419,0.317,-66.641,182.496,-44.061,0,0
36703,-0.839,-1.213,0.712,-52.786,50.412,20.656,0,169
36757,-0.284,-0.805,0.34,29.206,-63.878,-51.176,103,197
36812,0.208,-0.937,-0.282,4.493,47.702,-13.593,104,187
36867,-0.277,-0.973,0.174,-37.236,44.565,-10.674,106,185
36921,-0.056,-1.105,0.338,-27.832,6.634,-21.053,107,192
36976,0.054,-1.022,0.285,15.701,-41.092,-34.954,109,185
37030,0.025,-0.983,0.168,-1.523,-25.634,-24.756,111,187
37086,0.1,-1.053,0.083,4.553,-25.55,-23.577,112,186
37145,-0.071,-1.02,0.162,0.324,30.885,-12.64,0,182
37203,-0.101,-1.022,0.11,4.37,-9.942,-14.128,114,180
37263,-0.01,-1.094,0.107,33.059,22.826,13.945,0,181
37323,0.038,-0.981,0.121,22.168,-41.855,7.666,0,0
37384,-0.023,-1.098,0.208,18.4,-42.969,11.005,0,0
37444,0.058,-1.043,0.341,24.704,-33.84,25.584,0,0
37506,0.243,-0.904,0.33,35.452,-33.321,35.649,0,0
37565,0.279,-0.945,0.194,22.37,-40.847,13.956,0,185
37625,0.258,-0.935,0.238,17.632,-36.328,4.468,0,0
37686,0.233,-0.9,0.189,-16.822,-6.324,-32.152,0,188
37749,0.073,-0.94,0.394,-4.571,8.033,-9.731,0,0
37810,0.04,-0.94,0.282,-6.846,-20.608,-26.898,0,0
37871,0.041,-0.925,0.291,-5.364,1.357,-10.84,0,0
37932,-0.006,-0.905,0.359,5.274,25.455,-0.257,0,0
37992,-0.043,-0.949,0.404,1.66,2.111,9.892,0,0
38051,0.092,-0.896,0.243,-1.26,-17.6,9.909,0,187
38113,0.125,-0.979,0.23,3.867,-10.91,16.667,0,0
38173,0.094,-0.99,0.229,-7.697,-22.354,-1.094,0,0
38234,0.119,-0.972,0.305,-1.186,-13.21,7.248,0,0
38298,0.108,-0.963,0.33,-0.941,-17.414,6.736,0,0
38359,0.139,-1.033,0.203,-0.678,-32.791,-6.251,0,0
38419,0.079,-0.992,0.205,-2.413,-20.79,-6.969,0,0
38479,0.145,-0.946,0.2,3.223,-27.237,5.05,0,0
38541,0.206,-0.938,0.136,0.129,-14.403,6.055,0,0
38595,0.122,-0.991,0.188,-1.488,-4.922,-1.683,0,93
38648,0.08,-0.987,0.195,-2.919,-18.933,-4.285,176,91
38710,0.122,-1.007,0.207,-1.841,-21.902,-0.43,0,0
38764,0.151,-0.987,0.281,1.017,6.907,-0.004,0,94
38821,0.093,-0.962,0.198,-2.477,-6.516,0.149,0,90
38876,0.107,-0.974,0.253,2.656,-5.182,5.317,0,93
38931,0.136,-0.968,0.175,-1.663,-5.057,6.651,0,90
38985,0.093,-0.97,0.222,-1.772,-1.854,4.033,200,91
39040,0.1,-0.966,0.198,-2.517,-12.236,9.169,193,91
39100,0.082,-0.99,0.191,-3.003,-11.986,2.448,199,0
39161,0.091,-0.976,0.222,-1.316,-5.112,19.292,197,0
39222,0.04,-0.975,0.175,-2.761,-8.996,-1.176,195,0
39282,-0.072,-0.959,0.306,2.187,8.019,25.626,194,0
39346,-0.34,-0.821,0.419,4.556,-2.966,64.45,191,0
39401,-0.532,-0.923,0.42,13.934,-72.023,74.023,190,105
39499,0.049,-1.213,-0.248,36.351,-56.573,78.931,166,133
39554,0.145,-0.831,-0.069,-8.291,5.098,82.221,164,115
39609,0.001,-1.005,0.296,7.333,45.602,34.443,0,116
39662,-0.077,-0.956,0.346,-24.809,-59.855,18.744,0,61
39715,-0.085,-1.026,0.261,5.749,-102.969,26.287,0,62
39769,0.025,-1.015,0.11,-19.655,-49.038,8.327,0,61
39822,-0.077,-0.956,0.248,-18.804,-4.939,-1.977,0,62
39878,-0.301,-1.003,0.159,-23.183,-14.758,-30.084,0,62
39931,-0.224,-1.0,0.29,-2.93,14.669,-9.184,0,61
39985,-0.339,-0.99,0.213,-4.591,-2.038,-18.929,0,60
40037,-0.301,-0.96,0.122,-6.085,-12.226,-17.215,0,59
40090,-0.175,-0.991,0.214,1.604,4.21,0.712,0,60
40143,-0.218,-0.941,0.193,2.442,7.632,-6.281,0,59
40197,-0.163,-0.956,0.277,1.956,16.856,4.618,0,59
40249,-0.257,-0.954,0.174,-5.807,-3.313,1.721,0,60
40302,-0.139,-0.957,0.301,0.776,5.7,4.545,0,60
40358,-0.142,-0.987,0.226,-1.81,-6.601,2.962,0,61
40412,-0.306,-0.95,0.112,-6.341,-20.323,-2.162,0,63
40465,-0.258,-0.951,0.117,4.663,7.765,17.514,0,62
40518,-1.076,-0.737,-0.08,-14.799,22.107,-31.169,0,65
40572,-1.29,-0.685,0.126,-2.751,37.26,99.916,0,70
40628,-1.01,-1.485,0.728,-14.486,-30.099,188.099,0,108
40684,0.069,-1.911,0.311,55.366,-160.191,133.489,0,106
40740,0.402,-1.301,-0.589,37.603,-62.733,47.855,0,122
40798,-0.036,-0.685,-0.126,-6.022,-34.878,49.855,0,128
40862,-0.01,-0.625,0.213,-25.402,11.44,11.873,0,114
40919,-0.524,-0.711,0.457,-6.853,51.374,-8.27,0,125
40973,-0.78,-0.651,0.471,-5.029,-2.144,-0.653,0,108
41028,-0.548,-0.713,0.165,-0.722,2.232,-0.095,0,108
41082,-0.595,-0.864,0.173,-11.623,2.094,3.221,0,108
41138,-0.622,-0.731,0.299,-11.687,11.292,0.84,0,107
41192,-0.576,-0.725,0.268,-5.633,3.06,-0.989,0,107
41248,-0.551,-0.812,0.15,-17.363,-12.288,-5.091,0,125
41304,-0.615,-0.724,0.279,-15.182,0.95,1.326,0,123
41362,-0.612,-0.59,0.358,6.305,8.171,3.737,0,108
41417,-0.55,-0.801,0.205,-15.542,-18.87,0.648,0,124
41474,-0.557,-0.776,0.235,-15.582,-3.273,-2.266,0,124
41530,-0.584,-0.839,0.228,-26.748,-15.394,-1.868,0,131
41586,-0.494,-0.925,0.098,-36.814,-15.917,-3.555,5,39
41641,-0.543,-0.823,0.208,-23.412,-11.046,-5.413,0,123
41697,-0.559,-0.689,0.307,-8.301,-3.654,-1.173,0,115
41753,-0.492,-0.643,0.272,4.99,10.052,1.53,0,122
41809,-0.478,-0.77,0.228,-14.799,-3.21,-4.783,0,132
41868,-0.584,-0.925,0.156,-26.153,-11.157,-13.323,0,118
41924,-0.774,-0.494,0.467,-35.176,7.748,3.983,0,134
41980,-0.833,-0.682,0.183,-38.954,-37.641,-22.672,0,123
42037,-0.884,-0.81,0.037,-49.137,-42.931,19.45,0,123
42093,-0.323,-0.939,-0.179,-70.092,-161.122,36.214,0,131
42149,0.111,-0.576,-0.038,-89.008,-111.466,84.084,0,134
42207,-0.058,-1.126,0.653,-79.412,-223.038,49.168,0,140
42305,-0.198,-1.807,-0.548,29.885,180.611,-98.992,0,121
42363,-1.181,-0.391,0.362,16.082,227.58,-62.832,0,103
42419,-1.245,-0.905,0.188,2.972,41.412,-96.611,0,116
42473,-1.01,-0.623,-0.0,-24.24,0.531,-38.527,0,97
42528,-1.156,-0.612,0.365,-45.351,-70.786,-25.306,0,105
42584,-0.413,-1.656,-0.654,31.808,-35.473,-21.458,0,103
42638,-0.652,-0.87,-0.461,-21.86,87.481,-6.394,0,104
42691,-0.782,-0.906,0.027,-48.81,-96.868,20.328,5,21
42749,-0.295,-0.64,-0.323,-26.907,-38.718,-9.963,0,96
42804,-0.536,-0.789,-0.112,-20.426,21.046,-8.117,0,98
42861,-0.527,-0.941,0.011,-20.286,-24.204,-6.05,0,97
42916,-0.397,-0.986,-0.085,18.88,-2.581,-1.714,0,103
42971,-0.405,-0.886,-0.056,8.052,-12.916,-3.005,0,99
43026,-0.343,-0.785,-0.085,9.105,-7.838,-8.574,0,115
43081,-0.444,-0.954,-0.16,1.309,-1.665,-24.802,0,105
43137,-0.353,-0.949,-0.08,5.808,21.409,3.975,0,105
43190,-0.447,-0.9,0.031,4.814,3.222,-1.4,0,79
43243,-0.255,-0.918,-0.074,6.418,-13.383,-7.13,0,73
43299,-0.259,-0.927,-0.027,5.41,27.547,-0.543,0,73
43353,-0.256,-0.958,-0.005,15.012,20.595,0.854,0,76
43406,-0.43,-0.952,0.058,3.216,-20.99,-4.452,0,78
43459,-0.341,-0.912,-0.001,13.534,-8.839,0.062,0,74
43512,-0.446,-0.944,-0.004,6.92,-12.896,1.553,0,76
43567,-0.395,-0.921,0.008,11.124,-7.931,5.379,0,78
43620,-0.36,-0.935,-0.018,11.904,1.806,5.925,0,79
43673,-0.335,-0.963,0.019,12.026,6.617,11.435,0,78
43726,-0.41,-0.922,0.099,5.743,2.645,5.035,0,78
43781,-0.442,-0.961,0.042,5.666,-13.611,-2.151,0,79
43837,-0.457,-0.925,0.066,4.827,-8.221,2.598,0,80
43891,-0.407,-0.91,0.064,5.785,-1.211,1.899,0,82
43944,-0.442,-0.922,0.091,3.164,-10.296,-0.052,0,80
44000,-0.425,-0.894,0.104,28.015,-2.291,17.666,0,111
44055,-0.371,-0.893,0.092,16.595,0.442,10.701,0,106
44110,-0.411,-0.918,0.127,7.816,-10.803,5.27,0,105
44166,-0.403,-0.883,0.113,25.568,-7.504,16.183,0,104
44222,-0.3,-0.884,0.086,20.778,0.15,13.805,0,124
44276,-0.459,-0.88,0.066,-3.051,-4.382,-1.39,0,105
44335,-0.467,-0.773,0.274,25.375,5.272,25.557,0,104
44392,-0.471,-0.865,0.201,13.61,-9.965,13.102,0,133
44447,-0.432,-0.871,0.201,19.137,-0.969,14.159,0,107
44503,-0.482,-0.863,0.192,8.629,-5.125,4.611,0,107
44558,-0.443,-0.858,0.209,12.339,-6.186,6.416,0,114
44613,-0.478,-0.783,0.271,18.207,5.014,6.202,0,108
44668,-0.471,-0.934,0.168,-3.391,-6.511,-2.917,0,109
44725,-0.479,-0.835,0.222,12.075,-0.378,0.575,0,110
44780,-0.503,-0.806,0.242,10.53,1.435,2.648,0,109
44838,-0.542,-0.865,0.233,-14.751,-14.851,-6.581,0,115
44895,-0.815,-1.027,0.938,20.065,31.183,19.845,0,115
44949,-1.322,-1.211,1.092,99.611,-32.406,24.443,0,90
45005,-1.281,-0.884,0.707,144.298,-28.809,85.786,0,130
45102,-0.693,-0.936,0.229,133.473,-30.031,160.908,0,61
45158,-0.313,-0.732,0.165,120.969,-35.061,146.634,0,50
45208,-0.266,-0.4,0.169,80.389,-55.832,89.519,161,55
45260,-0.188,-0.145,0.173,54.824,-52.718,63.779,0,57
45317,-0.286,0.056,0.374,3.336,-39.565,45.679,0,60
45373,-0.404,-0.017,0.646,6.126,-37.008,27.13,0,62
45426,-0.285,0.117,0.645,17.148,-26.916,17.116,0,63
45483,-0.278,-0.011,0.677,19.686,14.286,9.917,0,63
45535,-0.551,0.094,0.786,6.903,4.598,0.106,0,63
45592,-0.559,0.082,0.818,-0.517,-15.56,-8.973,0,63
45644,-0.542,0.056,0.807,1.723,-12.506,-3.274,0,64
45702,-0.551,0.058,0.861,0.071,-10.458,-4.573,0,64
45754,-0.54,0.049,0.873,11.805,-9.467,4.391,0,65
45810,-0.474,0.016,0.726,11.516,-8.806,0.006,0,64
45863,-0.504,0.052,0.745,8.862,2.181,0.709,0,65
45920,-0.486,0.067,0.786,-1.409,-14.366,-15.023,0,65
45973,-0.477,0.074,0.83,8.326,3.028,-7.687,0,64
46029,-0.568,0.087,0.894,4.393,9.754,-20.732,0,64
46081,-0.654,0.083,0.929,22.46,11.302,-4.3,152,64
46133,-0.652,0.086,0.895,18.373,3.218,-1.048,0,65
46183,-0.604,0.018,0.864,28.328,17.893,23.116,149,66
46234,-0.464,-0.243,1.019,44.198,24.603,49.107,147,68
46284,-0.419,-0.248,1.312,66.443,-38.86,81.191,146,67
46338,-0.459,-0.063,1.463,79.656,-55.733,71.137,146,69
46391,-0.496,-0.008,1.279,123.359,-97.886,-5.28,0,71
46445,-0.49,0.23,0.912,144.55,-101.344,-45.656,0,74
46496,-0.692,0.256,0.713,147.374,-92.366,-58.725,141,92
46552,-0.71,0.288,0.466,158.71,-98.092,-67.878,0,96
46607,-0.694,0.507,-0.136,144.84,-104.214,-87.389,0,100
46663,-0.67,0.894,-0.184,101.115,-83.863,-85.817,0,108
46718,-0.418,0.857,0.107,41.321,-52.565,-57.916,0,109
46778,-0.429,0.757,0.45,62.29,-37.053,-35.611,0,108
46833,-0.498,0.68,0.449,36.557,-79.267,-36.74,0,107
46889,-0.304,0.755,0.411,32.847,-82.603,-44.198,0,112
46945,-0.333,0.813,0.08,44.969,-28.153,-48.641,0,108
47002,-0.364,0.963,0.333,32.611,8.922,-42.198,0,123
47058,-0.441,0.928,0.297,-5.262,-29.496,-34.603,0,120
47115,-0.348,0.89,0.37,11.397,-33.443,-26.282,0,122
47171,-0.402,0.923,0.574,45.469,15.478,-25.908,0,117
47230,-0.456,0.656,0.641,35.221,-35.893,-26.362,0,166
47291,-0.336,0.726,0.467,57.496,-49.618,-20.992,0,126
47347,-0.226,0.85,0.356,53.87,-38.71,-35.13,0,119
47404,-0.444,0.826,0.212,38.092,5.396,-37.733,0,110
47462,-0.59,0.832,0.135,32.351,-19.089,-27.321,0,160
47518,-0.482,0.882,0.102,41.826,-3.522,5.334,0,108
47575,-0.423,0.883,0.282,13.24,8.892,2.206,0,117
47630,-0.431,0.878,0.322,-9.126,-2.446,-7.15,0,108
47689,-0.499,0.795,0.369,-13.911,-7.713,-7.779,0,159
47746,-0.479,0.735,0.498,10.669,1.559,6.295,0,118
47805,-0.419,0.777,0.303,11.858,7.539,-2.535,0,119
47904,-0.519,0.768,0.485,4.198,14.305,-4.078,0,107
47960,-0.589,0.812,0.718,-9.467,-27.779,-15.202,0,105
48021,-0.523,0.791,0.91,-11.214,-59.13,-10.415,0,116
48076,-0.5,0.559,0.872,40.786,-71.565,-9.366,0,119
48136,-0.398,0.437,0.464,74.802,-61.29,-4.529,0,177
48190,-0.4,0.497,0.129,88.679,-43.198,-8.39,0,108
48249,-0.443,0.704,0.01,66.206,-46.916,-35.099,0,179
48307,-0.46,0.83,-0.086,46.153,-32.656,-39.687,0,113
48362,-0.479,0.925,-0.046,29.099,-3.552,-34.977,0,114
48421,-0.652,1.05,0.134,-8.884,6.973,-31.046,0,180
48476,-0.755,1.065,0.243,-3.843,1.452,-20.336,0,91
48530,-0.899,1.178,0.256,24.384,21.29,24.397,0,106
48589,-0.861,1.091,0.106,25.683,23.16,68.962,0,183
48648,-0.628,0.88,0.122,0.291,-10.635,98.756,0,181
48707,-0.221,0.754,0.037,-13.888,23.809,101.0,0,184
48766,-0.138,0.548,-0.043,-5.885,65.931,98.221,0,184
48829,-0.215,0.145,0.032,-78.511,14.435,72.046,0,185
48888,0.091,0.446,0.016,-153.382,-35.878,27.137,0,187
48948,-0.075,0.524,0.203,-234.832,26.466,42.466,0,190
49008,-0.281,0.047,0.621,-250.137,-30.792,-49.874,0,192
49068,-0.03,0.49,0.953,-250.137,40.746,-47.13,0,194
49124,0.141,0.452,0.67,-250.137,46.107,-45.366,0,122
49177,-0.082,-0.243,0.476,-250.137,55.504,-83.832,0,86
49231,-0.355,-0.285,0.951,-212.061,-36.5,-86.878,0,83
49285,-0.244,-0.824,1.311,-183.084,-32.863,-102.802,0,86
49340,-0.142,-1.937,1.432,-232.382,-103.71,-125.878,164,85
49392,-0.1,-1.414,1.356,-133.756,-108.115,-48.672,165,84
49453,0.305,-0.99,0.871,-73.977,-196.664,25.405,0,0
49500,0.845,-0.457,0.286,-6.203,-87.092,23.275,70,99
49546,0.548,-0.725,0.114,-12.526,-5.33,-21.023,71,92
49593,0.324,-0.938,0.239,15.944,27.893,-20.817,71,92
49640,0.33,-0.99,0.386,7.723,-0.298,-31.456,73,95
49687,0.441,-0.927,0.447,-2.155,-14.903,-21.198,91,87
49733,0.539,-0.875,0.316,-2.746,7.895,-24.954,70,85
49782,0.406,-0.775,0.387,1.113,48.466,-36.214,70,84
49829,0.295,-0.82,0.462,-9.026,52.267,-50.511,96,81
49884,0.262,-0.777,0.495,-6.258,46.473,-52.977,0,84
49931,0.28,-0.791,0.52,-7.706,46.603,-47.168,97,79
49978,0.287,-0.797,0.552,-16.331,41.443,-45.198,99,78
50026,0.298,-0.68,0.528,4.83,39.359,-46.374,101,76
50080,0.274,-0.613,0.586,0.404,29.847,-44.214,106,0
50136,0.301,-0.715,0.565,-8.442,24.429,-38.71,106,0
50194,0.376,-0.746,0.505,-22.972,8.674,-26.031,108,0
50249,0.321,-0.658,0.561,-18.644,14.523,-17.999,110,0
50301,0.219,-0.614,0.573,-27.655,3.964,-20.972,182,77
50351,-0.027,-0.402,0.575,-31.802,22.115,63.68,110,76
50399,-0.223,-0.329,0.535,-32.916,-5.286,42.504,105,79
50453,-0.04,-0.865,0.138,-24.247,-34.174,61.527,104,0
50501,0.343,-0.976,0.199,16.354,25.305,77.076,98,82
50548,0.205,-0.968,0.357,-41.496,46.962,101.55,95,78
50637,0.309,-1.043,0.285,-71.969,-89.641,105.771,87,63
50686,0.484,-1.357,0.102,-47.802,-106.771,87.0,84,63
50732,0.658,-1.178,-0.0,-52.58,-28.153,72.107,63,65
50778,0.216,-1.209,0.211,-50.611,55.664,63.969,86,61
50830,0.038,-1.275,0.25,-24.809,41.641,48.015,0,54
50882,-0.009,-1.382,0.178,-22.649,-38.748,41.046,0,52
50933,0.084,-1.031,0.053,-4.381,-1.102,33.0,0,50
50985,-0.053,-1.053,0.107,-1.421,34.901,32.327,0,50
51038,-0.253,-1.057,0.223,-4.563,34.679,6.548,0,47
51089,-0.235,-0.912,0.1,17.286,5.19,5.344,0,45
51144,-0.318,-0.996,-0.031,6.624,28.374,-7.621,0,45
51195,-0.264,-0.921,0.026,16.164,29.031,14.434,0,49
51248,-0.348,-0.915,0.053,-1.199,32.763,4.45,0,48
51300,-0.334,-0.93,0.126,-1.694,11.146,9.616,0,47
51351,-0.398,-0.961,0.081,-3.171,-15.174,1.391,0,44
51403,-0.316,-0.914,0.02,3.188,6.529,13.541,0,44
51454,-0.319,-0.966,0.009,-4.994,12.376,21.922,0,45
51507,-0.424,-0.947,0.089,-8.228,2.483,7.062,0,46
51558,-0.351,-0.99,0.072,-3.72,-7.676,19.855,0,45
51613,-0.346,-0.98,0.085,1.403,-8.612,26.458,0,44
51664,-0.325,-0.962,0.072,8.475,-3.084,27.412,0,45
51717,-0.404,-0.929,0.072,8.037,-10.467,22.397,0,45
51768,-0.416,-0.9,0.035,7.218,8.833,27.137,0,46
51820,-0.683,-0.726,0.102,12.506,25.702,48.786,0,48
51872,-1.438,-0.85,0.019,17.33,38.183,103.221,0,50
51924,-1.465,-0.684,0.162,-4.912,-99.16,176.0,0,55
51979,-0.889,-1.022,0.038,-25.504,-161.435,194.023,0,74
52033,-0.293,-1.114,-0.145,-5.018,-167.763,158.26,0,97
52091,-0.042,-0.851,-0.088,-33.747,-69.069,93.427,0,91
52146,-0.074,-0.409,0.251,-26.855,-8.865,33.221,0,95
52200,-0.568,-0.338,0.344,-28.496,81.962,15.167,0,93
52255,-1.37,-0.647,0.708,-10.146,41.641,1.108,0,90
52310,-1.032,-0.395,0.429,21.049,-51.481,43.893,0,92
52365,-0.732,-0.347,0.26,17.555,-43.458,42.824,0,97
52419,-0.577,-0.254,0.125,14.609,-9.796,26.202,0,99
52474,-0.809,-0.344,0.262,-12.058,20.321,4.845,0,95
52530,-0.899,-0.383,0.485,-5.096,-13.317,16.983,0,99
52587,-0.751,-0.31,0.513,25.275,1.585,25.717,0,100
52642,-0.844,-0.329,0.494,27.783,8.039,24.002,0,96
52698,-0.859,-0.194,0.42,17.952,8.47,15.523,0,99
52752,-0.931,-0.249,0.334,6.951,3.785,8.422,0,98
52807,-1.214,-0.116,0.507,-18.907,-61.383,38.038,5,30
52862,-1.567,0.031,0.59,13.782,-15.135,99.023,0,102
52918,-1.478,-0.05,0.519,35.547,-129.282,164.481,0,107
52977,-0.614,0.0,0.281,29.87,-49.321,184.84,0,172
53038,-0.714,0.012,0.526,13.744,-56.542,158.954,0,175
53100,-0.277,0.037,0.315,-24.458,-81.481,112.626,0,179
53160,-0.287,0.288,0.529,-31.168,-30.924,59.542,0,185
53220,-0.497,0.418,0.728,-28.581,-36.227,40.58,0,186
53280,-0.488,0.305,0.756,-11.614,-29.595,34.748,0,187
53384,-0.407,0.435,0.749,-2.449,-14.213,21.773,0,188
53444,-0.285,0.434,0.728,4.061,4.66,14.079,0,188
53505,-0.367,0.446,0.765,-1.424,6.164,-5.741,0,188
53565,-0.434,0.422,0.802,23.015,10.793,5.176,0,186
53628,-0.426,0.447,0.732,4.661,-1.104,-21.721,0,187
53688,-0.481,0.427,0.739,-0.387,-3.255,-32.012,0,188
53748,-0.415,0.423,0.734,23.791,2.111,0.353,0,184
53809,-0.517,0.436,0.782,21.353,0.598,-22.901,0,182
53868,-0.482,0.446,0.718,2.989,-5.397,-40.709,0,182
53928,-0.478,0.436,0.727,4.381,-11.244,-20.893,0,181
53988,-0.484,0.458,0.73,30.745,2.493,-26.29,0,180
54048,-0.52,0.497,0.708,21.666,-10.791,-26.336,0,178
54108,-0.512,0.461,0.662,40.126,-2.274,-25.802,0,178
54171,-0.494,0.521,0.665,5.105,-8.089,-25.679,0,177
54231,-0.521,0.513,0.659,23.473,1.809,-25.221,0,176
54290,-0.568,0.496,0.692,7.582,-0.366,-26.783,0,177
54350,-0.527,0.483,0.657,12.629,-5.734,-0.686,0,177
54410,-0.526,0.505,0.663,-0.633,-1.131,-12.865,0,176
54469,-0.516,0.417,0.664,-1.332,8.212,-9.666,0,175
54529,-0.565,0.455,0.694,-7.017,3.563,-23.497,0,174
54589,-0.566,0.465,0.69,-6.512,2.13,-17.378,0,173
54648,-0.569,0.42,0.648,-9.618,-0.961,-12.121,0,173
54711,-0.549,0.393,0.696,-11.999,-1.611,-8.893,0,172
54768,-0.559,0.401,0.653,-4.513,17.53,-4.78,0,143
54827,-0.629,0.425,0.684,-11.086,6.14,-4.432,0,140
54884,-0.578,0.384,0.652,-6.759,16.344,-0.223,0,139
54941,-0.618,0.352,0.669,-7.192,16.534,0.397,0,140
55000,-0.573,0.384,0.646,-1.737,33.547,-0.429,0,139
55057,-0.622,0.324,0.64,-6.074,23.806,-2.575,0,137
55121,-0.598,0.318,0.621,1.069,44.916,3.344,0,166
55179,-0.646,0.31,0.646,-7.066,27.992,-12.302,0,165
55240,-0.666,0.326,0.628,-1.924,23.412,-5.219,0,164
55299,-0.672,0.276,0.602,-8.262,22.389,-26.65,0,161
55356,-0.616,0.219,0.58,-6.647,23.748,-21.649,0,159
55413,-0.631,0.201,0.588,2.169,32.023,-34.328,0,158
55472,-0.681,0.261,0.546,2.261,35.191,-42.725,0,154
55522,-0.729,0.247,0.52,1.754,33.191,-46.198,131,108
55573,-0.744,0.225,0.521,-1.602,29.13,-43.954,132,106
55624,-0.74,0.252,0.534,-6.604,32.275,-41.0,131,103
55674,-0.579,0.453,0.386,-15.814,20.664,-36.107,129,101
55728,-0.656,0.554,0.071,-39.115,68.977,-43.489,133,97
55779,-1.005,-0.003,0.066,-48.443,101.55,-17.098,137,94
55829,-0.58,-0.119,0.164,-73.16,68.061,-24.567,141,90
55883,-0.462,-0.359,0.497,-98.282,68.412,-45.679,0,84
55937,-0.952,-1.395,0.493,-2.13,62.985,-95.511,0,78
55990,-1.366,-1.282,-0.209,115.725,98.794,-121.565,0,73
56042,-1.301,-0.561,-0.684,85.756,79.733,-137.886,0,71
56098,-1.354,-0.718,-0.683,-31.056,87.397,-141.947,0,70
56155,-1.23,-0.291,0.096,-48.351,78.893,-47.832,0,69
56211,-1.077,-0.416,0.225,8.459,11.291,-19.945,0,68
56314,-0.643,-0.226,0.093,-6.428,-36.863,28.779,0,0
56367,-0.773,-0.314,-0.164,-10.792,-42.252,27.908,0,65
56420,-0.934,-0.938,-0.541,19.604,-65.069,24.711,0,9
56472,-0.897,-1.781,-0.87,78.198,13.74,-48.305,0,62
56530,-0.65,-1.062,-0.375,74.412,76.649,-52.763,0,102
56585,-0.827,-0.748,0.098,42.107,42.397,-77.267,0,97
56630,-0.781,-0.663,-0.084,86.901,12.743,-96.672,29,97
56687,-0.634,-0.535,-0.172,82.237,30.398,-77.84,0,99
56741,-0.507,-0.599,-0.497,86.84,22.786,-87.824,0,97
56796,-0.473,-0.923,-0.335,70.496,49.656,-66.779,0,93
56846,-0.475,-0.633,-0.199,78.252,70.145,-67.069,128,96
56901,-0.546,-0.865,-0.018,32.275,53.969,-54.527,0,96
56946,-0.553,-0.896,-0.03,-61.98,47.649,-42.702,14,29
56992,-0.608,-1.05,0.212,-21.888,-38.168,-23.405,50,98
57041,-0.402,-1.055,0.131,6.367,-42.855,-32.542,45,161
57091,-0.201,-1.062,0.103,-2.349,1.501,-25.405,50,157
57140,-0.339,-0.931,0.243,-4.779,-1.113,-20.472,44,101
57189,-0.346,-0.94,0.195,-5.644,-26.321,-22.511,42,159
57237,-0.244,-0.729,-0.147,17.025,17.049,-24.26,49,138
57282,-0.552,-0.736,-0.072,-8.523,24.412,15.82,46,102
57328,-0.416,-0.878,0.348,-33.679,-26.954,42.015,47,104
57379,-0.042,-0.975,0.117,-33.289,-45.977,19.023,123,104
57436,-0.065,-1.144,0.108,-12.052,-17.838,-0.011,0,134
57492,-0.269,-1.008,0.215,-0.658,24.716,-3.382,0,121
57542,-0.323,-0.944,0.19,6.957,-14.541,0.428,43,121
57598,-0.257,-0.925,0.048,2.603,-27.985,-4.517,0,128
57647,-0.286,-0.88,-0.025,4.361,7.799,-6.063,91,104
57694,-0.435,-0.95,-0.038,-4.748,11.949,-0.167,41,122
57750,-0.429,-0.964,0.095,-17.953,-13.835,12.202,0,119
57800,-0.169,-0.971,0.205,-4.392,-22.342,10.03,122,103
57856,-0.051,-1.165,0.336,-7.247,-19.137,-32.248,0,100
57901,0.001,-1.291,0.476,59.924,42.795,-29.359,46,81
57947,0.072,-1.425,0.315,102.618,20.828,-58.092,47,114
57999,0.054,-1.016,-0.042,139.053,70.008,-93.511,48,159
58046,-0.279,-1.11,-0.71,112.939,89.031,-93.427,52,108
58095,-0.334,-0.398,-0.316,31.489,143.969,-81.313,58,131
58143,-0.602,-0.94,0.305,-42.55,119.466,-42.221,59,127
58190,-0.61,-0.93,0.698,-8.483,-25.573,-56.618,34,124
58237,-0.121,-0.706,0.472,9.671,-34.985,-20.206,44,124
58286,-0.061,-0.923,0.159,-2.941,-12.142,-36.257,32,148
58334,-0.183,-0.989,0.305,3.906,25.107,-5.199,64,124
58382,-0.198,-0.92,0.248,-7.565,-30.181,-7.02,35,146
58433,-0.015,-0.917,0.187,-11.273,1.363,-5.04,37,147
58481,-0.128,-0.945,0.341,-9.623,18.551,-1.748,36,146
58529,-0.07,-0.993,0.339,4.737,17.665,8.456,39,147
58577,-0.155,-0.916,0.393,-4.749,12.255,17.355,38,146
58626,-0.009,-1.015,0.251,-14.59,-11.093,-5.437,32,144
58674,0.009,-1.027,0.74,-12.143,29.366,4.936,36,144
58722,-0.02,-1.496,0.982,35.939,-18.564,-32.998,35,145
58769,0.21,-1.592,0.823,91.969,-32.855,-45.107,37,143
58871,0.517,-1.021,-0.294,88.458,58.687,-118.886,114,0
58923,-0.084,-0.811,-0.327,30.901,79.771,-140.435,39,0
58974,-0.064,-0.407,0.362,-31.389,83.122,-105.252,45,187
59025,-0.094,-0.948,0.554,-37.771,46.893,-95.695,49,183
59076,-0.07,-0.586,0.427,4.542,60.458,-79.244,50,181
59127,-0.141,-0.725,0.493,-36.878,12.96,-52.985,50,180
59180,0.189,-0.811,0.63,-35.29,-44.588,-31.939,49,0
59232,0.681,-0.849,0.59,-21.452,-96.321,-22.126,50,0
59285,1.212,-0.999,-0.332,4.542,46.924,-30.405,54,0
59340,0.328,-0.737,0.04,-61.519,111.557,-58.878,57,0
59394,-0.08,-0.763,0.582,-48.649,100.496,-56.977,61,0
59447,-0.224,-0.905,0.678,-43.634,72.641,-51.282,63,0
59500,-0.026,-0.978,0.541,-30.489,66.641,-55.214,67,0
59552,-0.122,-0.915,0.69,-5.882,38.42,-1.745,65,0
59606,0.408,-0.872,0.128,-7.68,35.168,2.673,65,0
59658,0.183,-0.864,0.285,-4.375,38.947,13.771,129,110
59710,0.333,-0.794,0.305,-16.546,-5.092,41.893,61,0
59763,0.359,-0.856,0.465,-3.638,-15.764,38.084,59,0
59819,0.504,-0.94,0.381,-9.735,-2.306,19.695,57,0
59867,0.347,-0.987,0.539,-8.609,-10.893,2.604,57,115
59919,0.352,-0.922,0.481,4.729,24.861,13.867,57,0
59967,0.335,-1.016,0.52,5.802,30.939,12.792,58,120
60015,0.278,-0.875,0.42,6.784,13.92,-6.755,57,118
60063,0.088,-0.929,0.512,2.089,1.818,-18.433,57,121
60115,0.196,-0.896,0.463,-0.732,-6.191,-5.998,58,0
60169,0.335,-0.863,0.32,6.787,3.213,1.661,57,0
60221,0.277,-0.893,0.442,19.058,-4.698,2.879,58,0
60277,0.209,-0.931,0.543,-2.091,-3.752,-8.21,57,0
60325,0.205,-0.894,0.514,13.385,-6.895,-9.5,57,116
60372,0.343,-0.916,0.221,-0.798,-31.243,-22.691,57,119
60426,0.353,-0.831,0.371,8.539,-1.921,-9.689,57,0
60478,0.239,-0.783,0.497,10.474,20.33,-9.704,57,0
60531,0.288,-0.932,0.45,-4.221,-11.282,-25.604,58,0
60579,0.305,-0.797,0.504,8.387,5.394,-2.952,59,113
60626,0.228,-0.788,0.539,6.024,0.564,-0.572,60,111
60675,0.375,-0.859,0.323,-0.051,-7.428,-10.915,59,114
60726,0.294,-0.708,0.478,4.994,19.465,1.277,60,110
60774,0.302,-0.892,0.493,-2.468,-0.724,-9.961,61,110
60821,0.347,-0.781,0.44,2.127,12.947,-2.27,61,109
60869,0.275,-0.907,0.509,-3.145,1.912,-10.566,62,107
60916,0.325,-0.849,0.497,1.561,2.019,0.486,63,108
60964,0.331,-0.79,0.48,2.589,4.276,-1.064,63,106
61011,0.374,-0.862,0.296,-2.27,-6.031,-6.366,64,105
61060,0.248,-0.856,0.443,-9.703,6.946,-10.29,65,104
61108,0.184,-0.809,0.451,0.162,-8.971,7.376,68,105
61159,0.182,-0.842,0.295,-17.913,-31.167,-6.022,67,102
61212,0.103,-0.665,0.283,-12.839,28.894,32.112,66,0
61259,-0.313,-0.829,0.478,-26.412,-54.77,48.595,65,103
61307,-0.232,-0.925,0.57,-26.969,-96.206,64.244,62,103
61361,-0.016,-1.009,0.577,-14.672,-158.992,61.832,59,0
61457,0.168,-1.026,0.255,53.298,-194.16,107.198,54,0
61509,0.252,-0.921,-0.094,40.634,-133.191,96.267,50,0
61561,0.275,-0.978,-0.117,19.754,-30.634,126.382,45,0
61614,0.135,-1.157,0.059,-4.188,-1.065,119.031,43,0
61656,-0.003,-0.972,0.315,-24.84,-3.2,90.527,43,0
61714,-0.006,-1.131,0.251,-35.458,-67.29,56.733,0,153
61770,0.112,-0.957,0.356,-40.466,-71.756,24.473,85,149
61820,0.187,-1.167,0.387,-31.305,-51.733,42.584,63,151
61869,0.12,-1.17,0.307,-10.445,-32.244,2.585,63,127
61917,0.058,-0.986,0.371,0.451,28.302,-2.386,58,148
61966,-0.239,-1.129,0.314,-10.051,-19.099,-8.954,51,149
62015,-0.227,-0.976,0.265,-6.96,-35.458,0.46,59,147
62067,-0.064,-0.92,0.206,-4.983,-23.792,6.996,59,147
62116,-0.191,-0.916,0.239,-8.395,-11.916,3.511,60,146
62166,-0.073,-0.916,0.328,0.587,16.172,22.424,57,146
62213,-0.27,-0.934,0.265,-5.988,-20.046,6.468,52,125
62261,-0.386,-0.905,0.263,-3.739,-38.336,24.771,60,125
62308,-0.406,-0.924,0.286,-7.903,-63.008,39.901,63,124
62355,-0.451,-1.008,0.243,0.848,-62.496,54.26,60,106
62401,-0.438,-1.006,0.182,3.648,-62.573,72.542,59,103
62447,-0.613,-0.996,0.023,-8.637,-46.687,63.137,59,94
62500,-0.499,-1.326,0.213,-38.42,-91.733,68.0,129,99
62558,-0.265,-1.371,0.471,-56.37,-110.061,99.382,0,140
62611,-0.001,-1.188,0.355,48.771,-116.962,85.817,0,82
62660,0.048,-0.955,0.156,50.053,-57.374,43.229,114,85
62708,-0.22,-0.769,0.335,44.008,-48.359,28.382,115,86
62757,-0.162,-0.773,0.108,47.267,-59.023,28.763,111,85
62806,-0.096,-0.715,-0.036,33.729,-13.604,11.113,112,85
62855,-0.368,-0.627,0.291,2.982,6.502,7.118,113,88
62911,-0.307,-0.775,0.403,-0.207,-17.701,5.913,0,85
62960,-0.221,-0.945,0.394,-1.94,-19.216,-0.117,115,84
63013,-0.247,-0.965,0.335,-8.737,8.996,-10.909,0,83
63063,-0.132,-0.9,0.305,3.606,28.366,-21.656,113,83
63111,-0.376,-0.732,0.212,-38.328,3.252,-29.183,115,81
63160,-0.237,-0.855,0.237,-39.817,3.343,-21.725,121,82
63208,-0.251,-0.605,0.54,4.641,13.106,36.854,116,80
63257,-0.008,-0.629,0.489,17.085,2.256,43.237,118,77
63310,-0.09,-0.551,0.748,19.813,26.901,21.227,0,75
63366,-0.418,-1.146,0.277,38.527,-37.099,-15.636,0,71
63419,-0.345,-1.045,-0.285,32.573,86.908,-59.137,0,69
63472,-1.082,-1.32,0.573,-40.992,184.374,-57.031,0,67
63526,-1.427,-1.209,1.74,-23.374,8.33,-48.405,0,103
63580,-0.81,-0.817,0.749,79.672,-40.412,-22.55,0,67
63633,-0.399,-0.743,0.097,33.748,-69.405,-27.671,0,82
63687,-0.119,-0.566,-0.086,39.084,20.588,6.93,0,83
63741,-0.281,-0.358,-0.074,11.157,35.634,-16.08,0,86
63798,-0.276,-0.611,-0.129,-25.221,-14.682,-20.832,0,127
63856,-0.049,-0.686,-0.121,-67.458,48.45,-45.183,0,125
63912,-0.313,-1.116,0.178,-82.313,58.206,-40.802,0,120
63969,-0.468,-1.337,1.183,-132.435,-93.634,-27.42,0,118
64059,-0.1,-0.809,0.499,-1.218,102.473,-7.039,50,117
64104,-0.316,-0.944,0.449,-8.109,80.702,-45.481,49,83
64149,-0.197,-0.93,0.305,7.736,31.176,-41.13,52,83
64194,-0.128,-0.92,0.14,1.359,-0.998,-35.588,51,81
64239,-0.067,-0.851,0.179,-8.219,-19.096,-16.635,51,78
64287,0.022,-1.384,0.124,-7.381,-34.963,-4.392,50,78
64333,0.101,-1.005,0.128,27.154,42.176,10.989,57,83
64381,-0.047,-0.966,0.156,17.411,69.366,22.267,58,128
64427,-0.134,-0.934,0.26,37.58,74.84,18.247,63,73
64479,-0.269,-0.977,0.118,27.191,89.137,-24.628,177,77
64539,-0.293,-0.855,0.213,34.544,80.214,-21.702,0,0
64599,-0.438,-0.93,0.113,3.562,53.153,-20.272,181,0
64658,-0.379,-0.889,0.074,-9.079,40.336,-12.463,182,0
64718,-0.304,-0.95,0.159,-3.931,44.817,23.237,0,0
64791,-0.388,-0.978,0.236,-7.883,-26.413,21.817,0,0
64855,-0.29,-1.057,0.095,-4.018,-47.516,-4.871,0,0
64917,-0.248,-0.965,0.117,-0.822,-25.462,-7.039,0,0
64980,-0.228,-0.947,0.136,1.316,-14.436,-7.668,0,0
65043,-0.255,-0.949,0.063,-2.587,-33.062,-24.081,0,0
65106,-0.178,-1.018,0.151,-1.307,-18.997,-19.231,0,0
65169,-0.206,-0.927,0.216,-5.521,-11.665,-20.762,0,0
65232,-0.137,-1.021,0.197,1.201,-8.527,-8.648,0,0
65295,0.006,-0.983,0.12,-1.798,-11.752,-9.378,0,0
65358,0.297,-1.07,0.126,10.483,35.203,27.031,0,0
65419,0.459,-1.166,0.071,1.653,85.099,-35.844,0,0
65478,-0.006,-1.143,-0.189,36.313,181.298,-96.695,0,141
65538,-0.548,-1.091,0.131,3.184,90.267,-111.504,0,135
65596,-0.537,-0.634,0.049,21.482,29.024,-95.45,145,165
65653,-0.423,-0.931,0.258,-34.771,-7.781,-31.977,146,151
65712,-0.17,-1.034,0.437,25.098,-27.908,-23.061,146,164
65772,0.155,-0.99,0.097,26.985,-55.641,-25.952,163,0
65820,0.297,-0.98,-0.168,-0.746,-18.412,-31.722,163,0
65882,0.248,-0.979,-0.082,10.402,19.831,0.436,163,157
65941,0.138,-0.952,0.142,-22.076,-2.527,-14.287,162,166
65998,0.165,-1.042,0.254,-9.806,-25.542,-23.809,146,157
66058,0.279,-1.036,0.204,-2.29,-56.053,-20.789,161,168
66118,0.828,-1.164,-0.142,31.931,-27.809,-2.187,162,0
66180,0.413,-0.899,-0.453,-11.141,92.496,-72.145,164,0
66228,-0.099,-0.977,0.167,-76.206,68.626,-69.748,167,0
66289,0.07,-0.865,0.198,-20.421,74.565,-36.175,168,0
66335,0.063,-1.044,0.21,-16.058,59.351,-20.517,151,0
66399,-0.028,-0.961,0.514,0.711,28.137,2.151,151,0
66446,0.111,-1.056,0.385,29.163,-25.763,12.723,149,0
66503,0.41,-1.133,0.116,38.71,-46.298,33.267,164,140
66562,0.657,-0.942,-0.14,3.35,-39.33,-7.741,163,157
66622,0.395,-0.967,0.027,13.719,1.474,-6.646,144,0
66668,0.404,-1.012,0.131,-4.42,-3.062,-2.544,143,0
66728,0.371,-0.902,0.108,-6.406,-0.611,-28.359,144,0
66776,0.469,-0.99,0.084,3.772,22.677,-23.191,161,0
66836,0.294,-0.975,0.251,0.252,22.703,-30.611,161,0
