Timestamp(ms),AccelX(g),AccelY(g),AccelZ(g),GyroX(deg/s),GyroY(deg/s),GyroZ(deg/s),DistanceLeft(cm),DistanceRight(cm)
32196,-0.269,-0.464,0.753,0.365,-0.772,0.879,0,72
32252,-0.264,-0.459,0.751,0.861,1.618,0.644,0,70
32305,-0.28,-0.601,0.75,-0.391,-1.049,-0.38,0,70
32361,-0.29,-0.496,0.766,0.55,0.508,0.665,0,70
32414,-0.272,-0.763,0.761,-1.498,-7.791,-2.291,0,71
32471,-0.268,-0.796,0.747,-1.795,-7.093,-2.619,0,72
32523,-0.286,-0.744,0.76,-1.163,-7.117,-2.102,0,71
32579,-0.272,-0.437,0.752,2.606,1.742,1.255,0,71
32635,-0.271,-0.552,0.76,0.947,-3.705,-0.264,0,72
32688,-0.267,-0.417,0.756,3.488,3.198,1.167,0,72
32745,-0.268,-0.639,0.76,0.103,-4.607,-0.701,0,74
32797,-0.275,-0.814,0.763,-2.116,-10.315,-2.91,0,75
32855,-0.276,-0.388,0.758,2.297,4.506,1.196,0,75
32907,-0.266,-0.354,0.767,2.783,3.592,2.261,0,76
32958,-0.251,-0.46,0.766,1.918,0.691,0.786,0,32
33014,-0.245,-0.627,0.758,0.354,-4.3,-1.27,0,77
33065,-0.255,-0.6,0.765,0.65,-3.694,-0.943,157,76
33119,-0.256,-0.577,0.755,0.5,-0.82,-1.414,156,77
33169,-0.258,-0.571,0.771,0.376,-1.283,-1.231,156,76
33220,-0.289,-0.344,0.77,2.102,11.46,3.988,156,76
33271,-0.286,-0.355,0.776,2.662,9.65,3.63,156,76
33321,-0.262,-0.599,0.766,-0.721,-14.519,-3.882,156,75
33373,-0.227,-0.572,0.792,-2.57,-11.44,-1.186,157,75
33423,-0.155,-0.515,0.773,8.016,7.159,-1.953,156,76
33474,-0.112,-0.698,0.619,8.55,53.023,40.707,156,75
33527,0.17,-0.044,0.762,-6.894,126.076,-63.908,158,71
33581,-0.617,-0.425,1.096,-0.895,187.137,-74.389,0,69
33623,-0.314,-0.953,0.762,27.198,145.046,-130.924,20,68
33666,-0.05,-1.129,0.226,-1.906,133.168,-161.573,21,69
33709,-0.05,-0.725,0.19,-32.939,178.237,-120.244,38,68
33755,-0.258,-0.958,0.179,-35.092,173.725,-84.374,40,99
33800,-0.519,-0.682,0.363,-13.282,145.252,-47.977,38,95
33849,-0.713,-0.816,0.586,1.366,62.857,-25.382,51,164
33898,-0.337,-0.725,0.271,-18.962,-9.595,-43.328,53,137
33951,-0.498,-0.873,0.246,-9.527,-33.809,-43.656,70,161
34001,-0.413,-0.911,0.185,-11.519,-40.42,-43.977,57,157
34051,-0.221,-0.872,0.019,-10.641,-19.133,-24.252,16,46
34101,-0.251,-0.886,0.548,-15.893,6.477,-37.023,53,160
34150,-0.276,-0.934,0.459,-3.389,2.672,-40.687,54,152
34199,-0.216,-0.971,-0.003,-34.692,-22.885,-36.115,16,45
34249,-0.12,-0.95,0.369,-0.066,-3.813,-40.176,72,146
34298,-0.114,-0.898,0.168,-10.579,23.595,-33.168,57,152
34352,0.007,-1.018,0.225,-5.367,27.557,-31.519,70,142
34401,-0.05,-1.06,0.439,12.227,32.634,-42.359,58,151
34450,-0.1,-0.925,0.689,17.328,26.405,-41.924,57,154
34500,0.022,-0.973,0.408,-25.168,30.496,-46.008,57,146
34549,-0.102,-1.026,0.194,-13.841,61.702,-47.688,71,147
34599,-0.15,-0.975,0.099,-21.073,32.42,-21.763,58,146
34649,-0.094,-1.066,0.216,-3.809,7.291,-19.335,60,147
34698,0.044,-0.939,0.2,-9.71,25.288,-0.928,60,147
34790,-0.113,-1.046,0.274,3.761,-17.887,-19.429,62,147
34843,0.041,-0.987,0.175,8.85,-32.702,2.445,71,147
34893,0.122,-0.978,0.184,-2.52,-2.634,-7.672,71,145
34944,0.013,-1.02,0.354,-1.258,16.107,-3.917,71,145
34994,0.079,-0.961,0.525,8.148,21.216,5.983,71,145
35044,-0.068,-0.994,0.573,10.297,15.859,4.379,71,143
35093,0.021,-1.003,0.607,21.346,27.332,12.312,61,145
35142,0.069,-1.013,0.016,-1.096,-38.872,-0.476,61,146
35192,0.097,-0.958,0.467,14.345,27.178,6.607,71,145
35243,0.04,-1.013,0.324,10.117,19.832,3.835,72,153
35296,-0.011,-0.985,0.148,-13.64,-21.73,-3.17,60,144
35345,-0.068,-0.958,0.257,0.896,-6.238,0.421,60,143
35393,-0.016,-1.068,0.329,22.344,-10.798,9.291,60,143
35443,0.031,-0.913,0.056,-0.333,-38.603,-0.466,60,148
35492,0.09,-0.942,0.407,14.52,12.565,15.555,60,151
35543,-0.049,-0.936,0.542,10.57,20.466,17.883,61,149
35593,-0.077,-0.95,0.586,9.763,8.52,17.441,60,149
35642,-0.16,-1.059,0.576,20.351,-3.907,15.875,60,146
35691,-0.011,-0.943,0.317,33.481,-16.026,18.14,60,145
35744,0.015,-0.842,0.144,11.181,-4.866,0.365,61,149
35793,-0.085,-0.944,0.223,7.565,1.151,18.351,60,147
35844,-0.081,-0.874,0.411,5.363,-39.29,4.012,62,149
35895,0.206,-0.892,0.205,3.76,-18.741,-1.408,75,150
35944,-0.121,-0.89,0.275,15.321,-2.128,-7.177,61,150
35994,-0.141,-0.894,0.398,3.021,0.804,0.746,65,146
36044,-0.085,-0.936,0.527,24.622,2.912,17.174,77,140
36094,-0.09,-0.891,0.484,16.87,24.94,18.229,61,151
36145,-0.016,-0.885,0.455,4.933,15.66,7.669,77,140
36198,-0.181,-0.819,0.308,-7.957,27.015,-8.471,61,152
36248,-0.257,-0.917,0.554,38.615,38.089,50.462,61,150
36298,-0.133,-0.871,0.373,3.126,-1.345,3.639,63,152
36347,-0.141,-0.859,0.48,10.95,5.939,13.369,63,132
36397,-0.231,-0.862,0.341,19.237,-9.019,-8.382,64,145
36447,-0.178,-0.811,0.565,23.938,15.592,29.547,64,143
36496,-0.27,-0.787,0.753,40.805,12.523,18.389,66,142
36548,-0.206,-0.829,0.43,0.498,-29.259,-0.343,81,151
36601,-0.218,-0.817,0.234,-21.391,-11.857,-24.22,73,131
36651,-0.264,-0.813,0.61,-1.1,-11.021,-2.356,60,141
36700,-0.272,-0.794,0.58,16.977,0.187,21.732,60,136
36751,-0.239,-0.78,0.651,27.485,18.87,32.973,85,152
36801,-0.579,-0.754,0.559,-22.901,-18.232,-22.477,80,128
36850,-0.278,-0.742,0.358,-2.051,-15.615,-9.743,58,136
36909,-0.438,-0.722,0.569,1.101,-4.119,3.136,0,151
36957,-0.293,-0.736,0.506,7.0,-5.408,10.352,59,128
37005,-0.35,-0.708,0.587,5.029,-4.677,9.213,57,129
37066,-0.369,-0.769,0.64,11.284,-15.699,11.949,0,155
37123,-0.295,-0.72,0.619,15.363,-18.961,5.142,173,131
37178,-0.28,-0.718,0.613,15.107,-39.307,-9.116,171,140
37234,-0.269,-0.688,0.65,20.959,-6.947,6.085,170,138
37289,-0.249,-0.663,0.617,27.992,11.658,14.812,170,132
37388,-0.36,-0.703,0.603,6.358,-24.886,2.045,169,132
37444,-0.265,-0.64,0.623,7.959,-19.726,9.025,0,120
37502,-0.403,-0.679,0.681,-1.718,-42.346,2.066,0,148
37552,-0.266,-0.654,0.706,-4.585,-29.015,-2.337,75,122
37604,-0.256,-0.62,0.706,3.565,-30.527,2.936,76,123
37654,-0.231,-0.743,0.708,0.664,-25.779,0.859,77,124
37704,-0.238,-0.597,0.702,-0.59,-29.595,-3.023,50,160
37754,-0.146,-0.463,0.771,8.314,-37.038,10.792,75,142
37806,-0.134,-0.647,0.667,3.318,-38.565,5.766,73,148
37859,-0.094,-0.754,0.68,-6.921,-64.11,-7.771,147,125
37908,-0.237,-0.526,0.737,4.206,-2.866,14.824,71,127
37957,-0.239,-0.663,0.745,-9.005,-35.501,4.217,64,127
38011,-0.05,-0.647,0.674,-16.919,-46.534,-2.354,145,128
38062,-0.098,-0.548,0.806,-14.366,-29.374,13.295,37,116
38109,-0.17,-0.66,0.901,-12.884,-33.305,8.368,59,97
38154,-0.078,-0.702,0.772,16.919,-54.031,42.162,38,91
38200,-0.017,-0.661,0.64,3.852,-38.053,15.956,33,97
38245,-0.105,-0.652,0.71,-16.651,-26.229,0.667,32,97
38290,-0.049,-0.661,0.748,-13.344,-36.885,-8.201,30,92
38335,0.026,-0.605,0.72,-15.13,-44.122,37.442,30,92
38380,0.017,-0.715,0.734,-15.718,-32.947,25.466,29,90
38433,0.088,-0.64,0.725,-18.802,-29.168,12.733,102,94
38481,0.105,-0.644,0.717,-17.664,-29.763,9.279,82,93
38530,0.083,-0.705,0.687,-18.412,-23.168,-3.485,81,91
38578,0.149,-0.75,0.678,-22.992,-24.145,-13.191,80,88
38633,0.07,-0.68,0.708,-18.344,12.842,23.881,101,98
38681,-0.015,-0.784,0.742,-15.87,-27.618,6.533,97,97
38728,0.088,-0.685,0.663,-17.069,-31.221,18.908,78,98
38775,0.054,-0.81,0.698,-10.649,-31.656,18.532,77,97
38822,0.21,-0.774,0.407,-18.672,-29.922,-2.292,76,93
38873,0.074,-0.76,0.681,-19.229,-19.147,20.878,76,98
38919,-0.04,-0.843,0.653,-13.55,4.456,37.479,76,97
38966,0.108,-0.804,0.562,-15.763,8.278,21.481,75,104
39013,-0.031,-0.864,0.619,-12.878,3.366,18.427,75,97
39060,0.041,-0.827,0.588,-17.763,-12.527,23.639,75,97
39107,0.025,-0.772,0.595,-17.252,-13.2,21.351,75,98
39154,0.065,-0.789,0.556,-14.107,-34.824,41.84,74,99
39201,0.22,-0.714,0.43,-17.55,-29.267,52.55,75,95
39248,0.084,-0.773,0.463,-13.473,19.55,77.275,76,96
39298,-0.11,-0.875,0.355,-8.627,-35.279,108.344,76,90
39345,-0.282,-0.911,0.524,18.323,-32.992,144.389,77,98
39393,-0.311,-0.885,0.466,5.994,-43.794,100.939,77,98
39439,-0.232,-0.688,0.378,-16.725,-16.931,53.115,78,89
39486,-0.847,-0.806,0.915,-47.885,-26.326,-3.585,77,90
39530,-0.719,-0.78,0.722,-37.55,-126.008,-62.885,76,51
39577,0.094,-0.84,0.299,-19.702,-119.42,7.243,75,88
39626,-0.115,-0.763,0.549,-34.588,-54.634,52.763,115,87
39678,-0.236,-0.943,0.502,-38.389,-48.931,43.344,114,89
39727,-0.186,-0.952,0.567,-22.603,-75.542,24.641,115,82
39781,0.022,-0.924,0.478,-10.473,-65.939,9.341,0,90
39877,0.001,-0.877,0.45,5.185,29.626,15.377,0,78
39926,-0.118,-0.814,0.768,32.695,67.313,18.145,114,93
39974,-0.243,-0.845,0.349,-7.971,78.008,0.817,114,85
40024,-0.787,-0.889,0.218,-32.223,59.947,-20.616,34,24
40073,-0.643,-0.834,0.264,24.519,42.107,-12.124,115,87
40121,-0.446,-0.808,0.432,23.443,37.626,-3.064,116,87
40171,-0.372,-0.736,0.546,15.069,21.359,-0.003,77,91
40220,-0.468,-0.743,0.445,-2.614,-2.593,-6.579,116,88
40269,-0.224,-0.809,0.654,12.108,8.207,29.466,116,92
40318,-0.263,-0.796,0.608,16.025,-3.394,20.076,116,91
40367,-0.3,-0.771,0.491,13.623,0.592,20.519,115,90
40416,-0.304,-0.747,0.533,7.88,8.986,19.661,116,90
40465,-0.151,-0.76,0.675,13.338,23.365,20.354,115,96
40514,-0.479,-0.765,0.462,-4.511,-6.185,-12.42,116,87
40563,-0.609,-0.793,0.579,18.603,-4.07,12.221,115,91
40615,-0.575,-0.723,0.434,37.824,-14.754,50.321,115,88
40666,-0.55,-0.906,0.362,91.038,54.092,133.511,131,88
40720,-1.031,-0.759,0.572,107.695,82.29,166.443,0,95
40775,-1.041,-0.387,0.356,51.031,8.251,170.0,0,97
40830,-0.66,-0.129,0.347,26.191,-18.009,153.252,0,108
40883,-0.477,-0.325,0.528,-24.389,45.344,147.351,0,65
40939,-0.58,-0.565,0.869,-18.351,-37.466,100.489,0,67
40995,-0.6,-0.23,0.629,16.588,42.472,53.191,0,116
41052,-0.862,0.195,0.554,41.977,73.191,96.298,0,71
41108,-0.917,0.414,0.605,15.794,16.42,77.771,0,71
41164,-0.58,0.157,0.501,22.003,-42.099,44.359,0,120
41220,-0.571,0.351,0.258,-1.553,12.44,36.649,0,120
41276,-0.9,0.272,0.571,0.586,25.779,25.969,0,121
41332,-0.744,0.286,0.394,-1.013,-29.305,18.321,0,122
41388,-0.696,0.393,0.432,3.314,5.389,15.117,0,122
41444,-0.865,0.319,0.552,-9.889,-6.363,-1.938,0,123
41500,-0.636,0.298,0.41,2.294,-24.204,-1.07,0,123
41556,-0.719,0.332,0.595,10.149,16.664,4.587,0,124
41615,-0.819,0.318,0.64,10.687,8.948,5.234,0,123
41671,-0.644,0.443,0.538,3.949,3.872,3.179,0,124
41728,-0.77,0.244,0.549,-1.014,-2.338,-5.146,0,124
41784,-0.77,0.234,0.586,6.157,7.016,-4.968,0,123
41840,-0.744,0.408,0.371,-0.238,-6.788,-28.339,0,125
41895,-0.843,0.26,0.364,-3.646,-8.955,-27.434,188,125
41951,-0.679,0.323,0.35,0.619,-2.359,-28.784,188,115
42006,-0.866,0.331,0.445,-0.618,-1.079,-19.397,190,120
42062,-0.735,0.318,0.653,15.435,17.913,8.246,191,117
42121,-0.799,0.365,0.348,21.573,-1.134,-26.636,191,121
42176,-0.834,0.259,0.389,18.305,1.32,-16.414,192,121
42232,-0.751,0.375,0.3,17.992,-0.585,-16.072,193,117
42288,-0.878,0.297,0.535,15.947,16.404,3.902,194,112
42343,-0.838,0.289,0.452,23.107,2.776,2.198,194,112
42398,-0.818,0.31,0.351,25.366,2.397,-0.841,194,111
42452,-0.852,0.311,0.172,25.687,-5.082,-7.584,194,110
42508,-0.815,0.444,0.38,22.061,6.016,3.412,195,111
42610,-0.819,0.335,0.224,22.863,-3.362,-22.247,0,111
42665,-0.841,0.442,0.364,28.267,12.269,-9.646,0,111
42722,-0.968,0.347,0.413,25.191,4.528,2.794,0,111
42777,-0.834,0.346,0.365,21.733,-10.077,-2.163,0,110
42832,-0.795,0.319,0.429,25.458,-1.105,-17.534,0,109
42889,-0.825,0.356,0.6,25.756,27.523,-29.031,0,110
42943,-0.854,0.309,0.153,24.092,-28.065,-30.389,0,100
42999,-0.849,0.298,0.395,19.008,-24.252,-36.191,0,113
43054,-0.877,0.32,0.411,20.176,3.186,-38.748,172,108
43111,-0.882,0.252,0.113,22.076,-37.152,-41.733,172,108
43165,-0.83,0.254,0.548,22.405,14.15,-48.435,172,110
43219,-0.966,0.218,0.428,20.931,7.845,-39.214,172,112
43272,-0.904,0.227,0.35,18.397,-17.255,-43.435,173,79
43324,-0.866,0.206,0.277,20.924,-21.056,-41.954,173,76
43376,-0.911,0.105,0.39,19.771,-8.188,-41.954,174,78
43430,-0.93,0.139,0.381,22.328,-16.446,-38.214,0,75
43483,-0.842,0.061,0.541,24.282,13.769,-42.328,173,75
43536,-0.892,-0.01,0.411,26.702,-7.458,-44.634,0,76
43591,-0.876,0.04,0.268,24.573,-21.093,-50.427,174,76
43649,-1.019,0.018,0.356,20.168,0.097,-43.382,174,156
43703,-0.903,-0.011,0.464,23.566,-13.166,-39.962,175,111
43759,-0.86,-0.065,0.444,16.198,-20.853,-37.489,0,107
43814,-0.861,-0.065,0.339,19.534,-29.342,-37.939,0,106
43870,-0.849,0.012,0.266,15.527,-16.6,-32.74,0,108
43926,-0.941,-0.092,0.765,22.24,27.743,-23.42,0,107
43980,-0.766,-0.137,0.946,22.649,-23.198,-23.802,0,97
44039,-0.86,-0.219,0.579,5.587,3.111,-23.092,0,96
44094,-0.772,-0.239,0.381,1.806,-37.455,-28.969,0,89
44148,-0.765,-0.181,0.652,8.71,3.347,-26.069,0,97
44204,-0.77,-0.234,0.469,-5.527,-15.751,-29.58,0,90
44258,-0.79,-0.242,0.478,-7.832,-32.146,-23.565,0,87
44313,-0.684,-0.229,0.474,10.34,29.725,-16.771,0,100
44367,-0.89,-0.365,0.706,-1.582,2.066,-17.282,0,95
44423,-0.67,-0.255,0.48,-8.932,-36.408,-24.992,0,90
44478,-0.762,-0.305,0.589,4.607,9.86,-18.931,0,97
44535,-0.741,-0.354,0.573,-10.489,-28.868,-22.145,0,92
44591,-0.683,-0.367,0.588,-5.66,-31.128,-22.115,0,90
44645,-0.722,-0.355,0.572,-6.584,-25.305,-18.74,0,82
44699,-0.668,-0.346,0.199,-10.977,-53.531,-16.832,0,75
44754,-0.676,-0.384,0.586,-17.641,-12.103,-11.724,0,94
44810,-0.664,-0.415,0.586,-19.748,2.117,9.626,0,100
44865,-0.555,-0.755,0.597,-15.29,-49.308,-28.038,0,89
44920,-0.587,-0.332,0.61,-14.344,11.811,-1.158,0,99
44976,-0.664,-0.377,0.616,-10.534,-0.165,-1.159,0,98
45034,-0.598,-0.307,0.606,6.656,6.791,2.141,0,97
45088,-0.665,-0.752,0.642,-28.786,-22.641,-6.991,0,77
45143,-0.537,-0.672,0.318,-15.733,-31.466,-0.897,0,75
45197,-0.498,-0.667,0.575,-12.244,-24.749,-0.582,0,77
45251,-0.534,-0.529,0.571,-15.214,-7.559,0.38,0,81
45305,-0.538,-0.44,0.611,-14.45,19.5,4.956,0,86
45403,-0.539,-0.405,0.606,4.11,2.183,11.315,0,85
45457,-0.586,-0.325,0.59,8.149,1.911,21.603,0,88
45517,-0.541,-0.83,0.603,-18.981,-29.906,-16.554,0,76
45574,-0.559,-0.359,0.625,4.204,2.488,34.294,0,90
45627,-0.496,-0.566,0.599,-6.889,-9.744,10.818,0,84
45672,-0.5,-0.608,0.572,-11.605,0.01,-1.033,31,104
45717,-0.615,-0.376,0.631,0.252,16.192,26.282,31,105
45762,-0.659,-0.47,0.594,-6.089,-1.16,22.031,31,105
45807,-0.574,-0.541,0.623,-10.275,-4.442,19.672,31,107
45852,-0.575,-0.594,0.625,-11.336,-1.577,23.496,31,115
45898,-0.599,-0.286,0.567,3.718,1.619,47.948,31,117
45943,-0.626,-0.683,0.56,-13.084,-1.243,19.802,31,117
45992,-0.713,-0.422,0.595,-17.046,-5.961,25.351,32,113
46048,-0.679,-0.667,0.566,-19.298,-18.896,27.221,0,114
46093,-0.61,-0.705,0.552,-18.962,-14.03,31.267,32,114
46148,-0.623,-0.573,0.56,-18.893,-4.352,29.87,0,114
46203,-0.643,-0.511,0.48,-13.389,4.675,26.649,0,118
46260,-0.723,-0.301,0.55,-12.595,10.507,27.603,0,116
46315,-0.716,-0.742,0.548,-11.038,-11.116,25.397,0,120
46370,-0.685,-0.5,0.498,-10.763,0.798,22.351,0,124
46428,-0.668,-0.403,0.582,-0.312,14.185,20.405,0,82
46481,-0.733,-0.395,0.408,-8.138,1.294,18.763,0,79
46534,-0.742,-0.358,0.405,-9.878,2.995,19.321,0,82
46594,-0.767,-0.37,0.677,3.85,30.598,18.504,0,189
46654,-0.753,-0.36,0.598,2.552,25.959,35.849,0,0
46709,-0.761,-0.338,0.563,1.543,22.256,31.785,0,122
46766,-0.819,-0.351,0.402,-10.45,17.511,8.713,0,123
46824,-0.799,-0.339,0.564,-10.038,41.81,43.104,0,164
46881,-0.809,-0.345,0.476,-12.534,22.107,19.305,0,152
46942,-0.772,-0.32,0.377,-11.573,31.733,15.687,0,150
46999,-0.911,-0.339,0.445,-2.852,36.656,27.825,0,151
47055,-0.819,-0.297,0.114,-9.566,18.931,-8.73,180,149
47112,-0.934,-0.295,0.459,4.41,40.748,32.593,179,149
47169,-0.867,-0.244,0.501,1.92,30.557,31.292,180,150
47225,-0.899,-0.256,0.217,-4.374,45.298,6.143,179,148
47282,-0.904,-0.239,0.166,-14.296,51.885,-8.108,179,149
47330,-0.998,-0.292,0.175,5.943,35.298,2.343,37,151
47372,-0.884,-0.268,0.096,11.034,23.153,2.187,37,57
47418,-0.852,-0.235,0.01,7.024,43.305,0.055,38,56
47469,-0.984,-0.229,0.04,12.541,61.893,-2.523,180,54
47519,-1.128,-0.245,0.037,20.176,30.053,1.271,179,54
47570,-0.909,-0.187,-0.107,15.863,15.455,-5.828,180,54
47622,-0.968,-0.201,-0.09,15.362,24.344,11.162,180,53
47673,-0.956,-0.22,-0.083,-2.987,9.663,-7.261,180,52
47723,-0.972,-0.26,-0.043,-11.706,-11.459,-13.462,180,53
47774,-0.949,-0.268,-0.082,-1.193,6.9,3.156,181,52
47825,-0.904,-0.267,-0.075,0.281,15.436,0.723,180,52
47874,-0.94,-0.278,-0.069,-0.162,14.617,-5.663,181,52
47925,-0.953,-0.278,-0.109,3.29,12.343,-2.546,181,52
47976,-0.937,-0.267,-0.091,11.511,26.821,5.45,181,52
48070,-0.942,-0.267,-0.107,4.062,4.385,-2.964,181,52
48120,-0.923,-0.277,-0.107,2.113,0.776,-5.573,181,52
48172,-0.929,-0.281,-0.106,0.708,-0.031,-10.441,182,51
48223,-0.912,-0.281,-0.112,15.89,18.357,-5.888,181,51
48274,-0.941,-0.303,-0.124,2.759,16.084,-12.217,182,52
48328,-0.978,-0.307,-0.125,17.382,8.072,-0.349,182,51
48377,-0.926,-0.278,-0.186,-14.476,-4.66,-10.58,182,15
48425,-0.957,-0.302,-0.155,48.944,19.295,4.692,182,16
48475,-0.918,-0.303,-0.165,-9.76,-10.413,-4.205,182,16
48524,-0.923,-0.307,-0.149,16.431,0.794,-0.346,182,16
48573,-0.903,-0.302,-0.142,11.495,5.033,-0.099,182,14
48621,-0.917,-0.31,-0.143,54.361,30.73,2.732,182,15
48672,-0.926,-0.3,-0.157,14.992,-4.755,-3.125,182,51
48723,-0.912,-0.307,-0.167,14.794,12.775,0.427,182,51
48778,-0.93,-0.303,-0.166,13.593,6.002,-0.089,182,51
48829,-0.922,-0.3,-0.178,26.753,8.75,1.399,182,51
48880,-0.923,-0.306,-0.171,-9.141,-5.824,-1.212,182,51
48931,-0.913,-0.307,-0.164,-32.704,-30.59,-8.299,55,15
48983,-0.918,-0.316,-0.166,-0.506,-6.057,-4.246,182,51
49034,-0.927,-0.352,-0.119,22.015,31.542,4.774,182,51
49085,-1.018,-0.417,0.013,78.771,44.809,27.061,182,51
49133,-1.02,-0.265,-0.236,121.908,84.069,69.779,181,14
49184,-1.179,-0.245,-0.428,106.427,77.779,114.74,180,52
49236,-0.78,-0.68,-1.16,98.947,97.359,48.282,178,19
49288,-0.813,0.341,-0.014,-29.274,53.069,38.779,177,56
49339,-0.948,-0.307,0.02,-12.794,-73.229,37.572,175,57
49390,-0.677,-0.171,-0.457,67.0,-92.313,-11.261,174,59
49439,-0.648,0.091,-0.523,55.023,-3.162,21.214,174,11
49487,-0.962,-0.073,-0.524,31.924,30.328,2.84,174,10
49536,-1.089,0.029,-0.148,-17.767,-30.311,-3.955,173,9
49584,-0.986,-0.012,-0.268,-3.03,-49.412,-9.795,172,8
49635,-0.957,-0.042,-0.286,-15.916,-37.542,-23.375,172,8
49683,-0.907,-0.075,-0.205,19.832,11.349,21.176,172,8
49731,-0.963,-0.107,-0.172,16.476,7.721,19.695,171,12
49782,-1.025,-0.047,-0.183,20.375,-31.618,26.331,170,63
49833,-0.874,-0.013,-0.183,12.061,-37.931,16.835,170,64
49882,-0.89,0.014,-0.085,13.132,-13.196,-2.617,169,10
49933,-0.997,-0.089,-0.134,2.953,-41.897,-3.613,169,64
49984,-0.945,-0.025,-0.149,22.212,22.919,2.75,169,64
50035,-1.041,-0.012,-0.03,-2.232,-34.626,-2.929,169,64
50089,-0.899,-0.014,-0.129,-0.761,-38.725,-9.628,169,65
50142,-0.918,0.024,-0.081,-7.875,-35.806,-3.846,168,66
50193,-1.022,0.025,0.012,8.33,37.719,8.348,168,65
50244,-1.047,-0.07,-0.02,-11.393,-36.183,-8.464,168,65
50295,-0.858,-0.003,-0.06,-10.992,-31.779,2.7,168,65
50347,-0.929,-0.061,-0.02,-12.664,49.273,14.008,168,66
50399,-1.015,-0.067,0.076,-15.183,-28.527,-19.967,168,66
50456,-0.998,-0.08,0.051,-12.061,-25.519,-25.017,168,172
50515,-0.939,-0.163,0.043,-14.115,-33.931,-2.029,168,148
50572,-0.926,-0.23,0.12,-5.187,-13.754,-9.589,169,146
50673,-0.993,-0.178,0.105,1.198,-16.825,-17.618,169,173
50732,-1.037,-0.155,0.424,0.952,-24.458,2.805,169,0
50778,-0.897,-0.168,0.181,-0.719,-30.015,-14.65,169,0
50837,-0.887,-0.188,0.207,6.252,-26.321,-2.637,169,0
50882,-0.93,-0.208,0.305,3.187,-12.387,-4.1,169,0
50936,-0.956,-0.219,0.217,-8.17,-25.412,-6.094,169,110
50991,-0.913,-0.253,0.259,-5.28,-37.878,-3.489,169,111
51053,-0.809,-0.215,0.385,4.047,-24.672,0.18,169,0
51098,-0.877,-0.198,0.481,10.657,-3.591,7.636,169,0
51158,-0.83,-0.166,0.495,2.483,8.132,9.492,169,0
51203,-0.895,-0.207,0.056,-24.836,-66.923,-11.742,51,5
51257,-0.866,-0.213,0.422,0.485,-23.305,5.972,169,112
51316,-0.748,-0.187,0.12,-3.34,24.511,-0.523,169,0
51362,-0.973,-0.186,0.746,16.546,23.779,33.463,169,0
51420,-0.881,-0.119,0.357,1.921,6.97,7.086,169,179
51482,-0.91,-0.157,0.068,-9.02,-20.134,-9.563,169,0
51528,-0.879,-0.107,0.281,-5.414,14.715,2.283,169,0
51581,-0.942,-0.124,0.191,-7.084,3.231,0.981,169,104
51640,-0.908,-0.143,0.303,-5.869,14.644,6.7,170,182
51698,-0.903,-0.108,-0.059,-16.5,19.427,-5.519,169,180
51747,-0.942,-0.151,0.474,2.076,26.548,2.251,170,9
51795,-0.912,-0.146,0.206,8.342,47.351,6.109,170,9
51844,-0.905,-0.114,0.216,-10.559,16.221,-2.676,170,10
51892,-0.944,-0.114,0.182,2.177,20.771,-0.069,171,11
51944,-0.959,-0.135,0.177,-13.759,15.901,-5.452,171,10
51992,-0.951,-0.152,0.185,-19.088,-12.623,-12.075,171,8
52041,-0.961,-0.169,0.196,-19.226,-13.727,-11.485,172,12
52089,-0.939,-0.15,0.165,-0.698,16.808,-2.674,172,8
52147,-0.946,-0.172,0.135,2.284,28.809,0.349,172,169
52210,-0.958,-0.146,0.138,-6.123,1.408,-6.864,173,166
52265,-0.938,-0.19,0.099,-7.837,-6.309,-10.119,173,141
52314,-0.964,-0.188,0.121,-0.332,22.564,0.769,173,14
52369,-0.931,-0.189,0.103,-5.24,-7.339,-14.136,174,142
52428,-0.973,-0.171,0.085,-8.136,-2.655,-14.559,174,168
52476,-0.992,-0.184,0.07,-3.546,-3.623,-13.083,175,14
52533,-0.96,-0.175,0.062,-1.988,2.114,-4.675,175,164
52581,-0.926,-0.211,0.058,0.376,10.889,1.675,175,8
52628,-0.957,-0.219,0.049,-3.926,-2.281,-19.153,175,5
52685,-0.94,-0.206,0.018,-3.883,-0.819,-17.954,176,172
52733,-0.968,-0.205,0.045,-8.307,-8.077,-20.568,176,7
52781,-0.94,-0.222,0.041,-2.351,-1.073,-6.2,176,5
52829,-0.952,-0.226,0.052,6.141,12.379,16.455,176,7
52879,-0.922,-0.231,0.048,-9.576,-0.524,-22.429,177,7
52927,-0.96,-0.25,0.043,7.547,11.25,10.49,177,5
52974,-0.945,-0.247,0.027,-7.792,1.068,-12.063,177,5
53022,-0.947,-0.262,0.028,2.668,4.936,9.662,177,4
53069,-0.917,-0.277,0.029,-12.243,-6.316,-27.289,177,5
53117,-0.924,-0.295,0.029,-5.979,-1.041,-24.647,178,5
53176,-0.945,-0.301,0.035,2.841,3.843,6.976,178,0
53222,-0.925,-0.302,0.012,-1.811,2.907,-5.507,179,0
53312,-0.926,-0.335,0.011,2.694,5.811,4.153,179,4
53363,-0.922,-0.348,0.009,6.395,11.041,9.696,180,5
53411,-0.92,-0.354,0.017,-4.125,-8.106,-46.245,180,5
53458,-0.924,-0.333,0.027,7.301,4.644,2.048,180,5
53507,-0.907,-0.363,-0.018,-5.157,-30.842,-48.225,180,6
53566,-0.87,-0.414,0.052,4.776,4.804,17.78,181,0
53612,-0.867,-0.387,0.054,1.493,-1.169,5.42,182,0
53660,-0.881,-0.154,0.047,3.641,11.063,-16.817,181,6
53708,-0.897,-0.41,0.061,-0.79,-2.35,-38.562,182,6
53758,-0.884,-0.409,0.065,1.166,-0.683,-17.891,183,7
53807,-0.876,-0.398,0.003,0.627,-1.007,-12.029,182,7
53866,-0.875,-0.42,0.01,1.511,6.172,-10.889,183,0
53912,-0.889,-0.69,0.031,-7.387,-2.367,-27.734,183,0
53971,-0.865,-0.314,0.042,1.235,4.542,2.386,184,0
54018,-0.858,-0.582,0.02,-8.335,-5.176,-11.078,185,0
54077,-0.871,-0.577,0.034,-7.857,-4.213,-7.845,184,0
54122,-0.856,-0.517,0.027,-4.788,-0.007,-4.222,184,0
54171,-0.86,-0.549,0.022,-4.195,2.817,-4.699,185,10
54222,-0.884,-0.527,0.013,-3.704,-0.05,-4.854,185,8
54282,-0.886,-0.375,0.021,-0.845,0.026,3.841,185,0
54328,-0.863,-0.243,0.031,5.088,-3.207,8.224,185,0
54387,-0.844,-0.458,0.0,-1.67,-2.128,2.628,185,0
54432,-0.928,-0.398,0.182,-10.45,-16.532,-12.225,184,0
54486,-1.135,-0.531,0.491,-13.153,-37.557,38.653,184,97
54547,-1.064,-0.703,0.37,-11.588,-71.756,-66.878,0,0
54593,-1.066,-1.065,0.192,44.756,-65.267,-88.71,0,0
54647,-0.955,-0.898,0.586,90.0,-113.924,-143.298,0,90
54705,-0.683,-0.491,-0.007,59.359,-139.389,-173.267,0,94
54753,-0.595,-0.352,0.19,44.092,-153.489,-79.069,57,123
54798,-0.287,-0.687,0.391,43.359,-137.374,-38.679,55,66
54847,-0.139,-0.669,0.143,44.672,-41.183,-48.42,55,151
54897,-0.142,-0.772,0.521,48.924,-12.61,-17.567,56,153
54944,-0.406,-0.665,0.607,45.748,-41.45,-26.451,57,101
54995,-0.137,-0.531,0.587,28.191,-51.084,-28.458,162,86
55042,-0.021,-0.653,0.596,23.267,-25.672,-20.87,58,85
55088,-0.062,-0.541,0.72,15.611,5.875,-23.71,58,87
55137,-0.12,-0.614,0.714,17.298,-25.076,-23.015,58,85
55182,-0.04,-0.366,0.656,24.794,19.824,19.084,57,93
55228,-0.142,-0.918,0.735,-18.126,-70.857,-17.237,57,79
55274,-0.101,-0.538,0.742,-2.05,-26.84,-5.159,57,88
55320,-0.028,-0.658,0.74,-5.102,-25.779,-6.131,57,87
55366,0.032,-0.668,0.811,-1.243,-26.046,-1.082,57,92
55412,0.061,-0.681,0.789,-3.82,-32.234,-5.673,57,85
55458,0.046,-0.676,0.829,9.148,21.964,9.139,58,95
55507,0.058,-0.647,0.739,6.049,6.593,-3.923,52,99
55554,0.029,-0.652,0.698,1.261,-24.99,-3.131,51,103
55600,0.08,-0.419,0.677,6.888,10.778,3.135,51,102
55647,0.078,-0.766,0.72,-14.031,-27.347,-3.675,52,105
55694,0.093,-0.664,0.768,-5.927,-0.497,-0.134,51,113
55741,0.026,-0.67,0.818,-0.081,-2.238,0.126,57,114
55837,0.084,-0.645,0.679,21.801,-27.115,21.123,156,106
55888,0.106,-0.667,0.667,-13.809,-31.39,5.859,156,80
55937,0.121,-0.684,0.711,-12.634,-16.309,7.802,51,125
55987,0.166,-0.709,0.702,-10.931,-9.988,14.035,51,118
56034,0.154,-0.729,0.726,-9.939,7.892,21.839,50,117
56081,0.16,-0.71,0.702,-8.406,-8.119,10.242,50,118
56129,0.114,-0.733,0.706,-2.103,-6.641,13.616,50,118
56179,0.151,-0.733,0.63,-5.566,-13.99,11.566,107,119
56228,0.138,-0.7,0.654,-9.977,4.686,22.084,107,82
56274,0.146,-0.733,0.648,-10.71,-25.772,1.605,72,78
56322,0.177,-0.736,0.636,-14.115,-16.138,4.508,69,78
56368,0.17,-0.789,0.697,-14.481,-17.547,-3.206,69,76
56417,0.141,-0.742,0.681,-6.037,4.547,21.763,69,75
56463,0.12,-0.771,0.631,2.539,12.094,38.262,68,76
56508,0.138,-0.759,0.601,5.268,20.369,39.858,48,76
56552,0.1,-0.776,0.634,-9.931,-25.374,-2.547,44,76
56597,0.144,-0.777,0.607,-14.693,-22.643,4.401,44,76
56642,0.156,-0.786,0.622,-18.714,-27.598,-0.163,45,76
56687,0.176,-0.798,0.584,5.305,3.987,20.113,64,76
56733,0.143,-0.808,0.589,-21.585,-17.595,-4.127,67,76
56779,0.163,-0.783,0.552,-20.575,-11.792,-4.018,64,76
56828,0.113,-0.816,0.565,-9.702,-1.523,7.954,68,76
56875,0.137,-0.792,0.551,-10.29,-4.19,14.826,63,78
56920,0.113,-0.821,0.567,-11.29,-10.028,-1.592,43,73
56970,0.124,-0.826,0.571,-11.763,-11.825,-0.764,142,74
57016,0.104,-0.833,0.582,-9.779,-10.272,2.876,66,76
57062,0.112,-0.866,0.572,-10.656,-10.907,-5.69,63,73
57108,0.084,-0.856,0.587,2.753,8.049,26.222,63,82
57154,0.079,-0.855,0.557,-4.781,-9.243,13.132,63,77
57199,0.098,-0.839,0.447,-6.414,-15.975,5.227,62,75
57248,0.091,-0.859,0.545,-1.47,-3.555,17.591,61,80
57296,0.081,-0.843,0.512,-2.811,-3.287,16.55,96,80
57342,0.06,-0.842,0.567,-11.382,-1.34,23.353,63,82
57391,0.085,-0.858,0.142,-14.847,-25.819,-23.059,28,24
57439,0.041,-0.862,0.515,-13.878,-2.514,6.841,94,78
57489,0.078,-0.862,0.322,-13.061,-13.918,-10.27,140,73
57539,0.07,-0.872,0.596,-11.809,11.263,31.121,140,84
57590,0.01,-0.868,0.363,-12.481,-0.296,-0.972,139,75
57640,0.01,-0.882,0.336,-11.038,-10.398,-2.174,139,77
57693,0.028,-0.907,0.62,-15.427,5.555,42.03,97,87
57741,0.047,-0.87,0.3,-10.595,-3.961,-7.441,84,77
57791,-0.029,-0.959,0.465,-6.742,7.159,20.83,137,84
57841,-0.027,-0.863,0.345,-10.452,-8.742,3.619,136,79
57892,-0.102,-0.951,0.399,-4.464,-27.984,3.766,135,79
57943,-0.051,-0.838,0.753,15.414,-22.702,83.228,136,90
57994,-0.074,-0.974,0.558,10.692,-28.718,22.885,138,85
58045,-0.109,-0.906,0.432,2.104,-34.878,21.649,139,87
58096,-0.051,-0.984,0.495,11.407,-26.962,27.115,134,39
58144,-0.044,-0.9,0.166,-12.712,-39.74,21.603,133,39
58192,-0.062,-0.934,0.38,1.248,-14.339,-0.935,132,39
58280,-0.051,-0.998,0.737,31.013,46.985,47.523,94,39
58327,-0.179,-0.929,0.497,1.891,28.473,3.406,90,40
58375,-0.208,-0.917,0.253,-4.319,-14.017,-9.512,133,40
58422,-0.181,-0.913,0.232,-2.564,-23.63,-0.081,132,40
58470,-0.18,-0.903,0.488,3.03,-9.661,3.707,132,42
58518,-0.121,-0.877,0.393,2.057,-24.713,1.252,132,41
58574,-0.082,-0.867,0.274,-4.655,-35.863,-4.127,132,43
58624,-0.102,-0.884,0.214,-8.598,-19.61,-8.083,132,81
58673,-0.125,-0.874,0.46,4.467,3.942,4.034,132,82
58723,-0.183,-0.872,0.459,2.165,-0.499,0.86,132,83
58770,-0.148,-0.854,0.456,1.824,-1.117,2.129,97,84
58817,-0.167,-0.875,0.512,3.913,-3.87,3.557,88,85
58864,-0.148,-0.858,0.558,3.631,-2.342,3.432,96,86
58913,-0.145,-0.854,0.446,0.36,-8.853,-0.738,132,82
58963,-0.142,-0.86,0.39,0.038,-7.498,-0.402,132,81
59013,-0.152,-0.854,0.384,-1.588,-9.109,-2.411,86,81
59063,-0.137,-0.873,0.399,-0.933,-11.137,-3.05,132,79
59112,-0.143,-0.844,0.466,-1.838,-10.115,-7.357,131,82
59162,-0.113,-0.802,0.49,9.049,0.482,8.779,131,90
59209,-0.239,-0.768,0.614,-13.565,-6.222,-45.603,87,86
59258,-0.268,-0.925,0.449,-31.588,-6.77,-73.87,129,88
59303,-0.083,-1.016,0.37,-15.756,-49.282,-22.443,45,84
59351,0.244,-0.842,0.446,-18.634,-7.532,-25.206,86,91
59400,0.18,-0.899,0.306,-3.395,51.992,-19.733,128,84
59450,-0.117,-1.017,0.726,12.001,68.794,29.733,85,92
59497,-0.193,-1.005,0.33,2.111,-2.271,-17.065,76,81
59544,-0.111,-0.89,0.549,3.891,-43.687,-0.101,85,89
59591,0.101,-0.924,0.466,-10.771,-26.229,-9.62,83,90
59638,0.046,-0.961,0.238,-11.022,-53.174,-18.71,81,85
59685,0.055,-0.874,0.722,10.371,36.751,29.54,89,91
59729,0.042,-0.883,0.3,2.684,-32.443,-23.847,79,44
59774,0.174,-0.832,0.375,4.54,-10.464,-18.687,82,45
59819,0.15,-0.896,0.305,-4.283,1.105,-36.374,80,45
59869,0.045,-0.929,0.455,-13.198,19.771,-39.389,85,91
59917,-0.037,-0.927,0.617,5.875,11.003,-30.443,90,95
59964,0.04,-0.904,0.462,0.286,-13.229,-29.099,85,86
60010,0.142,-0.902,0.392,-0.797,-7.128,-20.718,85,86
60058,0.126,-0.886,0.269,-4.632,-43.175,-54.827,79,81
60105,0.136,-0.901,0.508,-0.07,-32.244,-23.412,87,89
60152,0.24,-0.954,0.392,-3.595,-25.542,-22.656,85,87
60199,0.179,-0.868,0.379,-9.358,-17.855,-22.985,83,86
60247,0.184,-0.875,0.411,-1.624,5.386,-1.481,85,89
60297,0.236,-0.912,0.503,4.876,17.344,17.147,87,92
60344,0.205,-0.895,0.361,-0.09,-31.089,-4.564,82,86
60391,0.327,-0.919,0.323,-7.861,-30.253,-18.687,83,88
60438,0.394,-0.873,0.228,-3.838,-31.09,-13.819,79,86
60487,0.215,-0.954,0.374,0.155,4.418,-12.791,100,91
60534,0.261,-0.872,0.264,-3.558,-23.865,-23.85,82,85
60581,0.225,-0.887,0.256,-1.344,-27.538,-25.114,78,84
60630,0.312,-0.896,0.347,3.416,-11.06,-6.192,84,94
60720,0.33,-0.912,0.439,3.715,17.854,-3.708,86,90
60771,0.18,-0.845,0.455,5.422,-9.699,-1.492,83,108
60818,0.312,-0.914,0.357,6.081,-28.718,-6.632,82,90
60866,0.329,-0.863,0.416,3.229,-2.264,1.573,84,105
60911,0.275,-0.885,0.102,-6.125,-80.324,-8.683,74,41
60955,0.306,-0.854,0.27,-2.834,-45.081,-2.637,79,42
61003,0.31,-0.856,0.435,4.272,-26.458,3.383,84,93
61050,0.358,-0.88,0.365,1.552,-15.028,5.756,81,92
61097,0.359,-0.863,0.329,-1.915,-10.228,0.723,81,91
61145,0.265,-0.907,0.399,-0.068,-15.046,3.943,81,92
61204,0.402,-0.876,0.16,-2.293,-38.072,-5.671,80,91
61254,0.383,-0.879,0.38,2.487,2.586,9.415,81,98
61306,0.304,-0.919,0.384,2.051,-7.285,5.878,81,126
61356,0.358,-0.854,0.163,-1.592,-22.331,-4.732,81,92
61406,0.313,-0.902,0.309,0.032,-10.541,5.788,81,85
61455,0.343,-0.879,0.409,-1.101,-0.7,7.191,80,88
61504,0.282,-0.916,0.556,1.313,10.122,16.234,79,90
61553,0.304,-0.916,0.338,-0.356,-15.247,5.245,77,85
61599,0.302,-0.902,0.064,-5.49,-50.113,-13.458,16,75
61651,0.364,-0.917,0.377,4.539,-7.251,9.084,78,85
61700,0.327,-0.871,0.384,2.826,-4.724,8.397,78,74
61749,0.334,-0.91,0.175,-0.808,-15.504,-3.078,77,85
61798,0.307,-0.901,0.403,2.323,-4.309,5.517,76,72
61846,0.318,-0.873,0.083,-4.623,-22.856,-4.642,76,73
61894,0.318,-0.906,0.47,4.336,3.188,7.742,76,73
61943,0.285,-0.912,0.203,-2.041,-16.092,-3.859,76,73
61991,0.311,-0.91,0.479,8.736,-1.018,9.194,75,73
62040,0.316,-0.915,0.483,8.519,2.806,11.174,75,74
62092,0.3,-0.875,0.409,5.403,-1.788,7.273,75,73
62140,0.318,-0.93,0.295,1.127,-5.512,1.367,75,76
62189,0.279,-0.879,0.169,-3.783,-8.889,-4.843,75,76
62238,0.313,-0.912,0.497,10.949,4.797,13.306,75,88
62287,0.309,-0.895,0.264,-1.241,-4.854,-1.204,75,85
62337,0.33,-0.898,0.42,6.747,8.098,7.418,74,89
62385,0.289,-0.911,0.533,8.501,6.306,4.039,74,75
62434,0.303,-0.872,0.251,-1.183,1.364,-1.207,74,73
62482,0.299,-0.921,0.606,9.44,15.072,2.092,75,76
62530,0.281,-0.884,0.324,0.729,-0.119,-0.84,75,73
62576,0.3,-0.906,0.466,4.292,15.99,-0.624,75,73
62625,0.277,-0.902,0.316,-0.344,9.173,-1.484,75,76
62674,0.258,-0.903,0.463,3.604,16.701,1.302,76,74
62724,0.292,-0.896,0.282,-3.326,-5.551,-6.575,77,87
62773,0.283,-0.898,0.603,18.09,23.003,9.681,78,89
62822,0.269,-0.921,0.393,2.739,-0.868,-2.629,94,47
62869,0.264,-0.846,0.44,8.029,1.047,6.861,79,47
62917,0.269,-0.933,0.415,22.489,-11.309,2.227,79,73
62966,0.247,-0.828,0.426,22.664,-19.982,-9.566,79,72
63014,0.254,-0.885,0.471,34.603,-21.14,39.137,9,70
63059,0.25,-0.889,0.282,44.71,-60.594,69.893,17,69
63109,0.189,-0.954,0.472,47.786,-25.649,93.756,82,67
