Timestamp(ms),AccelX(g),AccelY(g),AccelZ(g),GyroX(deg/s),GyroY(deg/s),GyroZ(deg/s),DistanceLeft(cm),DistanceRight(cm)
26016,-0.425,-0.511,0.733,-1.816,1.581,0.243,31,78
26061,-0.407,-0.508,0.732,-0.545,2.211,0.205,31,103
26106,-0.366,-0.472,0.727,0.927,3.819,1.122,31,104
26150,-0.407,-0.484,0.723,0.696,4.094,1.427,31,104
26195,-0.458,-0.508,0.729,-0.333,0.683,0.161,33,102
26241,-0.447,-0.498,0.736,-0.826,1.215,-0.146,32,103
26286,-0.446,-0.503,0.733,-0.361,0.829,-0.388,32,105
26343,-0.41,-0.481,0.735,-0.346,0.643,-0.109,0,105
26386,-0.415,-0.479,0.737,-1.339,0.317,0.6,32,77
26430,-0.462,-0.509,0.727,-2.124,-1.95,0.322,32,75
26473,-0.489,-0.523,0.72,-2.395,-1.593,-0.169,31,75
26516,-0.469,-0.526,0.734,-1.626,-0.803,-0.494,32,74
26559,-0.442,-0.502,0.728,-0.709,0.272,-0.445,32,73
26602,-0.491,-0.528,0.717,-1.263,-0.16,-0.466,32,73
26655,-0.536,-0.535,0.728,-1.548,-0.834,-1.087,0,72
26712,-0.427,-0.499,0.72,-0.764,-0.523,-0.353,0,71
26767,-0.444,-0.505,0.726,-0.815,-0.301,-0.518,0,72
26823,-0.368,-0.476,0.729,0.185,-0.03,0.2,0,72
26876,-0.444,-0.501,0.731,-0.539,-0.501,-0.163,0,72
26933,-0.408,-0.491,0.723,-0.826,-0.822,-0.307,0,73
26977,-0.467,-0.521,0.735,-1.05,-1.602,-0.768,32,73
27020,-0.414,-0.495,0.732,-0.138,-1.17,-0.339,32,72
27063,-0.48,-0.525,0.735,-1.433,-2.966,-1.859,32,73
27106,-0.401,-0.499,0.719,-0.309,-0.936,-0.704,32,72
27150,-0.406,-0.504,0.719,-0.408,-0.91,-0.015,32,73
27196,-0.412,-0.497,0.724,-0.267,-1.26,0.015,32,72
27239,-0.366,-0.477,0.727,-0.013,0.375,-0.079,32,71
27282,-0.324,-0.464,0.722,0.691,1.636,0.568,32,72
27325,-0.402,-0.491,0.73,-0.414,-1.909,-0.746,32,71
27369,-0.459,-0.52,0.723,-1.6,-4.131,-3.796,32,72
27421,-0.331,-0.438,0.729,8.06,2.85,21.493,0,72
27478,-0.634,-0.114,0.979,-14.838,-10.766,-31.214,0,71
27532,-0.586,0.549,1.584,-86.153,14.102,-77.015,0,91
27585,-0.359,-1.652,1.082,-46.145,14.376,-10.923,0,72
27641,-0.715,-1.637,0.585,117.947,96.061,-81.389,0,74
27692,-0.301,-0.749,0.749,88.183,-3.058,-6.093,153,75
27746,-0.235,-0.631,0.523,60.267,-64.473,-9.624,0,78
27799,-0.26,-0.417,0.437,70.977,-23.939,9.441,0,80
27852,-0.14,-0.503,0.579,88.137,2.773,87.84,0,81
27904,0.004,-0.294,0.508,60.74,-37.344,21.038,141,83
27957,0.139,-0.31,0.381,21.305,-34.534,-7.675,0,83
28011,-0.156,-0.11,0.718,21.832,53.015,-23.328,0,84
28061,-0.523,-0.431,0.973,9.226,-3.767,-9.065,143,83
28114,-0.362,-0.274,0.929,11.756,-30.13,-1.515,144,84
28169,-0.429,-0.33,0.889,8.303,-15.092,-8.971,0,84
28223,-0.221,-0.207,0.983,28.452,-34.656,30.499,0,84
28273,-0.063,-0.069,0.773,15.324,-3.481,-2.743,142,86
28327,-0.331,-0.505,0.896,-5.258,-13.04,-11.611,5,26
28382,-0.137,-0.222,0.97,1.363,-29.198,0.71,0,88
28426,-0.058,-0.273,0.903,1.789,-12.603,-23.754,17,92
28522,-0.221,-0.236,1.013,12.701,-4.795,-13.273,0,90
28573,-0.145,-0.214,0.867,8.663,-5.979,-23.518,142,96
28627,-0.269,-0.147,0.866,5.862,-2.091,-26.173,143,96
28683,-0.388,-0.152,0.794,0.877,4.742,-17.359,0,96
28737,-0.534,-0.197,0.719,-13.773,1.58,-5.17,0,99
28781,-0.475,-0.176,0.886,-37.397,-5.244,29.389,16,85
28824,-0.32,-0.236,0.937,-31.328,-8.293,46.137,17,86
28874,-0.149,-0.317,1.016,-31.809,-28.794,44.252,137,87
28930,0.292,-0.453,1.075,-26.244,-56.779,27.894,0,90
28974,0.375,-0.335,1.023,-2.561,-27.511,-31.595,16,90
29017,0.171,-0.429,0.938,-2.162,9.229,-48.366,17,90
29061,-0.056,-0.358,0.905,-0.096,12.236,-53.901,18,127
29105,-0.138,-0.304,0.875,2.627,19.361,-44.672,17,97
29149,-0.196,-0.324,0.896,0.22,2.933,-42.809,17,89
29193,-0.294,-0.267,0.857,-5.905,8.996,-41.58,16,109
29247,-0.518,-0.347,0.926,-13.227,10.432,-22.649,0,85
29302,-0.483,-0.345,0.939,-25.292,-37.723,-5.884,0,111
29347,-0.073,-0.341,0.826,-12.662,-41.206,21.419,16,111
29402,0.092,-0.475,0.884,-20.977,-34.313,17.457,0,89
29457,0.208,-0.396,0.858,-20.748,-36.366,9.644,151,90
29507,0.193,-0.451,0.825,-20.992,-19.201,-11.407,135,90
29555,0.037,-0.465,0.876,-20.771,4.204,-8.542,91,89
29613,-0.026,-0.455,0.958,-23.26,-0.081,-6.368,0,131
29661,0.008,-0.525,0.922,-18.671,0.012,-5.615,90,89
29708,-0.008,-0.455,0.933,0.067,-1.657,-0.399,91,87
29759,0.005,-0.508,0.88,-0.848,1.65,0.331,137,86
29803,-0.003,-0.541,0.857,-14.58,-10.569,-0.828,16,86
29850,0.026,-0.51,0.824,-18.404,-16.187,-1.194,89,87
29901,-0.0,-0.607,0.777,-30.386,-9.289,-0.461,89,87
29949,0.004,-0.491,0.792,-21.802,35.073,20.42,89,86
29997,-0.128,-0.525,0.955,-13.145,-6.178,14.285,88,87
30045,0.073,-0.579,0.816,-16.615,-30.313,6.178,86,88
30092,0.118,-0.646,0.784,-15.063,-4.409,14.533,86,88
30140,0.047,-0.586,0.805,-21.39,-10.16,6.752,86,88
30188,0.058,-0.636,0.719,-7.145,6.28,15.643,85,89
30231,-0.03,-0.544,0.779,-17.141,2.397,16.247,16,88
30279,-0.019,-0.593,0.707,-24.512,-25.328,2.714,88,90
30326,0.101,-0.675,0.695,-25.977,0.686,16.228,9,88
30369,0.057,-0.719,0.76,-24.87,14.175,19.305,10,90
30412,0.052,-0.785,0.765,-26.176,-5.188,11.256,8,89
30456,0.156,-0.737,0.786,-25.908,-0.037,13.502,7,90
30499,0.186,-0.733,0.794,-25.283,3.484,-11.109,7,88
30542,0.084,-0.785,0.851,-14.105,3.245,-19.97,7,87
30586,0.132,-0.77,0.771,-0.794,4.328,-17.227,7,88
30629,0.134,-0.823,0.725,-1.399,-0.548,-37.373,7,86
30672,0.186,-0.776,0.733,4.536,5.383,-30.458,10,85
30718,0.194,-0.679,0.676,9.767,5.158,-41.115,10,84
30761,0.149,-0.693,0.568,1.909,9.63,-46.725,10,81
30804,0.07,-0.692,0.517,-9.555,7.322,-51.939,11,79
30849,0.023,-0.734,0.578,-8.733,34.466,-46.603,16,77
30939,-0.128,-0.639,0.517,-8.907,44.435,-17.734,97,75
30987,-0.216,-0.517,0.435,-18.481,75.122,8.727,97,73
31035,-0.417,-0.591,0.548,-32.84,46.137,34.489,97,73
31082,-0.395,-0.677,0.565,-40.542,-42.434,41.977,98,74
31130,-0.173,-0.695,0.755,-30.748,-119.473,58.496,94,74
31181,0.018,-0.899,0.463,-44.107,-121.511,45.359,91,77
31228,0.357,-0.858,0.27,-66.679,-29.183,43.962,79,80
31276,0.076,-1.021,0.613,-68.336,24.779,23.859,80,80
31323,0.107,-0.991,0.703,-67.763,12.751,2.628,79,81
31370,0.04,-1.077,0.747,-35.924,-31.733,-2.429,76,85
31417,0.138,-1.107,0.516,-3.754,6.336,-11.646,76,78
31463,0.169,-0.957,0.47,10.018,45.565,6.024,76,75
31510,-0.048,-1.01,0.428,11.193,58.198,10.771,77,76
31557,-0.098,-0.897,0.473,12.838,41.088,10.157,78,76
31601,-0.013,-0.889,0.349,3.655,-3.877,-1.185,81,74
31648,-0.025,-0.826,0.294,0.283,43.13,5.223,89,74
31696,-0.283,-0.896,0.445,3.746,58.847,21.88,90,72
31744,-0.206,-0.876,0.466,3.106,29.069,11.253,91,72
31791,-0.106,-0.883,0.462,1.025,36.254,13.259,92,72
31838,-0.16,-0.903,0.466,0.646,18.323,7.118,92,71
31886,-0.226,-0.88,0.447,-0.631,2.56,1.949,92,72
31933,-0.163,-0.91,0.419,0.936,2.253,4.113,92,72
31980,-0.215,-0.87,0.384,1.225,3.475,5.749,92,71
32031,-0.205,-0.906,0.445,2.29,2.297,8.066,92,71
32078,-0.203,-0.883,0.42,1.584,-1.394,8.689,93,71
32132,-0.173,-0.865,0.428,1.945,2.211,5.748,93,70
32179,-0.241,-0.892,0.413,1.442,6.708,1.717,94,71
32225,-0.229,-0.87,0.445,3.471,8.872,2.779,95,70
32271,-0.249,-0.885,0.432,2.929,1.241,-1.685,95,70
32318,-0.213,-0.874,0.417,2.451,3.681,-0.581,95,69
32364,-0.198,-0.875,0.433,4.299,8.201,1.955,95,69
32410,-0.259,-0.865,0.405,2.353,5.716,2.34,96,69
32459,-0.233,-0.867,0.451,6.446,13.212,5.082,96,69
32506,-0.27,-0.859,0.423,3.706,7.296,2.898,97,69
32552,-0.215,-0.857,0.461,9.431,22.477,5.873,97,69
32600,-0.318,-0.846,0.378,-0.757,0.281,-0.251,96,70
32652,-0.283,-0.846,0.436,4.587,8.429,2.888,0,69
32699,-0.25,-0.837,0.483,7.792,18.428,4.642,97,69
32749,-0.208,-0.84,0.508,11.949,28.199,11.991,159,70
32799,-0.285,-0.859,0.443,3.303,14.276,2.112,160,68
32849,-0.327,-0.842,0.401,-0.001,-1.141,2.643,159,69
32903,-0.273,-0.827,0.449,12.16,31.689,12.438,159,69
32953,-0.488,-0.753,0.632,23.493,27.985,10.537,160,68
33005,-0.531,-1.079,0.694,38.962,20.356,14.966,158,95
33055,-1.2,-0.999,0.661,46.542,-24.924,5.177,158,74
33106,-0.955,-0.777,0.457,49.145,62.962,91.824,158,75
33160,-1.107,-0.892,0.676,57.13,48.344,217.71,0,80
33214,-0.747,-0.962,2.0,33.985,-250.137,208.489,0,95
33269,1.138,-0.411,-0.845,147.878,-125.969,-74.664,0,104
33323,-0.111,0.168,-0.132,-7.344,250.13,75.649,0,87
33424,-0.819,-0.041,0.813,-22.71,-92.031,15.058,0,109
33479,-0.272,-0.423,0.535,-18.008,-54.13,3.768,0,113
33537,-0.479,-0.318,0.755,2.733,22.733,16.798,0,140
33593,-0.693,-0.193,0.708,-8.612,-6.369,-2.647,0,127
33648,-0.494,-0.26,0.569,-13.255,-12.965,4.781,0,110
33702,-0.58,-0.254,0.786,-8.431,28.725,-2.532,0,110
33758,-0.675,-0.277,0.777,4.915,27.099,0.367,0,110
33813,-0.739,-0.328,0.747,3.008,28.427,-6.126,0,107
33868,-0.752,-0.235,0.752,19.183,9.66,6.325,0,109
33927,-0.689,-0.245,0.715,19.55,-15.49,-2.318,5,34
33982,-0.687,-0.221,0.691,21.099,15.51,20.243,0,108
34037,-0.795,-0.177,0.688,20.168,13.17,14.058,0,108
34093,-0.769,-0.141,0.648,19.501,-3.862,19.017,0,109
34148,-0.731,-0.126,0.668,14.207,-13.582,20.843,0,109
34203,-0.617,-0.164,0.503,3.295,-10.86,8.317,0,123
34258,-0.671,-0.117,0.579,3.59,-3.005,4.735,0,109
34315,-0.692,-0.104,0.683,14.285,2.87,7.733,0,123
34373,-0.679,-0.094,0.674,16.866,6.168,-1.154,0,112
34428,-0.802,-0.084,0.693,29.599,10.079,1.745,0,120
34485,-0.741,-0.11,0.742,29.541,5.713,1.289,0,114
34540,-0.785,-0.083,0.684,7.693,-18.376,0.983,0,114
34596,-0.797,-0.045,0.703,21.342,-30.611,10.298,0,127
34653,-0.582,0.005,0.649,6.029,-27.238,4.486,0,124
34709,-0.643,-0.006,0.719,16.265,-9.317,12.105,0,124
34765,-0.605,0.061,0.723,10.513,-14.404,13.017,0,125
34822,-0.501,0.047,0.723,5.795,-18.381,10.322,0,129
34879,-0.356,0.043,0.7,6.356,4.948,8.823,0,101
34935,-0.352,-0.007,0.637,-0.8,26.706,1.278,0,134
34994,-0.523,0.011,0.689,-17.967,3.074,-28.381,0,157
35050,-0.535,0.012,0.674,-18.504,7.902,-27.893,0,127
35105,-0.558,-0.07,0.718,-21.939,4.321,-35.74,0,112
35162,-0.635,-0.107,0.762,-20.794,24.431,-39.924,0,121
35218,-0.741,-0.175,0.818,-2.34,9.466,-40.824,0,117
35274,-0.605,-0.169,0.707,-13.414,6.638,-41.718,0,122
35330,-0.717,-0.213,0.719,-2.8,29.626,-26.214,0,111
35388,-0.769,-0.185,0.688,-0.768,30.072,-6.669,0,110
35443,-0.79,-0.119,0.648,-8.544,19.013,-22.312,0,108
35499,-0.753,-0.168,0.707,-2.233,19.267,-1.932,0,100
35554,-0.767,-0.25,0.633,-2.974,16.459,-4.664,0,110
35609,-0.696,-0.197,0.657,-4.344,6.915,7.197,0,106
35664,-0.612,-0.284,0.691,-3.028,5.466,-6.214,0,100
35719,-0.657,-0.248,0.71,7.439,-4.072,-27.794,0,96
35774,-0.544,-0.256,0.421,-3.413,-8.217,-33.58,0,102
35828,-0.603,-0.237,0.497,-9.874,34.244,-41.603,0,94
35887,-0.667,-0.313,0.435,-34.29,35.061,-58.412,0,94
35941,-0.748,-0.515,0.5,-41.29,50.817,-66.626,0,90
35995,-0.93,-0.551,0.693,-24.595,9.667,-46.137,0,92
36052,-1.034,-0.605,0.662,-18.145,-10.674,-22.374,0,132
36110,-0.547,-0.526,0.452,-16.379,-37.122,-9.823,0,137
36165,-0.638,-0.575,0.613,3.2,11.424,-22.847,0,109
36265,-0.577,-0.61,0.485,-18.582,-15.041,-22.988,0,138
36321,-0.514,-0.637,0.557,-12.148,4.54,-10.718,0,111
36377,-0.537,-0.726,0.554,-11.954,-4.858,-26.069,0,111
36435,-0.401,-0.726,0.481,-5.443,26.779,-36.756,0,113
36492,-0.632,-0.701,0.544,-0.629,-14.057,-24.511,0,113
36547,-0.432,-0.713,0.422,-2.178,-9.894,-23.992,0,112
36603,-0.464,-0.717,0.526,-4.399,11.083,-17.508,0,112
36659,-0.518,-0.743,0.486,-4.596,-8.661,-30.298,0,111
36715,-0.434,-0.757,0.456,-2.833,0.126,-25.641,0,110
36770,-0.429,-0.756,0.502,1.506,8.556,-13.593,0,109
36826,-0.39,-0.778,0.474,0.817,-9.193,-23.542,0,110
36885,-0.505,-0.78,0.501,-2.69,-5.971,-27.031,0,110
36940,-0.462,-0.864,0.54,6.877,-29.656,-28.336,0,109
36995,-0.302,-0.777,0.491,14.104,-48.634,-38.351,163,108
37046,-0.174,-0.759,0.425,8.981,-25.992,-20.288,162,75
37097,-0.193,-0.743,0.494,4.805,24.544,0.26,162,74
37149,-0.368,-0.834,0.552,-1.5,-0.626,-13.536,163,74
37200,-0.322,-0.837,0.631,9.735,-3.306,-10.55,154,75
37253,-0.248,-0.799,0.523,7.202,-42.046,-32.629,153,107
37304,-0.09,-0.805,0.562,11.173,-21.195,-22.835,153,74
37358,0.006,-0.674,0.467,6.063,34.092,-22.225,152,73
37409,-0.111,-1.09,0.65,1.461,58.573,-15.761,154,74
37462,-0.322,-1.026,0.966,35.679,23.323,-28.076,164,73
37513,-0.422,-1.033,1.253,31.427,-125.061,-30.344,164,68
37556,0.335,-1.168,0.874,73.771,-160.977,-66.618,17,67
37598,0.59,-0.932,0.618,83.992,-51.565,-70.557,13,64
37641,0.379,-0.996,0.087,82.282,118.115,-87.053,16,65
37697,-0.304,-0.536,0.27,86.336,229.679,-90.298,178,135
37755,-0.732,-0.323,0.501,81.092,109.45,17.093,0,97
37803,-0.582,-0.442,0.611,37.641,-52.115,-14.964,30,131
37859,-0.164,-0.382,0.53,16.329,-104.214,-28.885,0,129
37916,0.074,-0.471,0.461,-5.986,-55.595,-25.635,0,129
37972,0.017,-0.431,0.832,-11.131,-23.075,-15.002,0,113
38027,-0.059,-0.54,0.975,-4.447,-26.773,-8.89,168,112
38083,0.088,-0.518,0.827,14.689,-15.616,-2.992,0,112
38139,-0.042,-0.412,0.873,5.395,-3.06,-6.898,0,120
38193,-0.026,-0.371,1.008,4.534,-8.099,8.36,158,119
38254,0.126,-0.397,1.018,15.151,-35.702,21.476,0,135
38307,0.198,-0.407,0.899,21.001,-35.076,9.505,159,116
38353,0.042,-0.433,0.842,1.537,-11.209,-24.044,22,117
38408,-0.087,-0.212,0.896,20.506,41.408,38.429,149,120
38454,-0.032,-0.258,0.965,3.527,-24.702,38.42,22,122
38500,0.152,-0.435,0.889,-6.338,-46.237,37.656,19,122
38557,0.321,-0.4,0.788,-1.136,-38.756,29.531,0,129
38604,0.356,-0.381,0.783,-13.575,-14.996,8.799,37,125
38651,0.252,-0.435,0.84,-18.695,-14.443,-5.377,36,117
38711,0.198,-0.454,0.908,-25.931,-18.275,-0.86,0,116
38759,0.198,-0.396,0.907,-21.595,-10.934,-1.16,18,152
38806,0.176,-0.467,0.868,-13.509,-3.81,3.854,19,145
38865,0.135,-0.54,0.894,-33.262,-23.045,2.858,172,0
38968,0.169,-0.575,0.772,-19.357,-22.71,12.43,166,0
39021,0.154,-0.644,0.795,-11.326,-25.084,23.298,112,150
39074,0.242,-0.555,0.822,-15.067,-30.481,28.885,23,121
39121,0.376,-0.623,0.77,-5.05,-35.954,29.374,22,151
39170,0.409,-0.646,0.702,-22.603,-31.297,-4.071,19,123
39219,0.417,-0.549,0.673,-11.923,3.526,19.797,19,0
39255,0.325,-0.646,0.712,-15.91,7.538,6.763,18,0
39300,0.304,-0.655,0.739,-18.16,-0.291,-0.137,19,119
39345,0.351,-0.635,0.688,-13.761,14.826,4.034,18,115
39389,0.258,-0.664,0.699,-13.701,28.26,-2.49,18,113
39432,0.181,-0.584,0.742,-19.931,22.249,-5.663,17,75
39474,0.081,-0.724,0.754,-18.618,21.732,-0.877,17,73
39516,0.034,-0.522,0.797,-10.472,21.306,6.264,17,72
39561,0.0,-0.62,0.681,-13.271,12.052,9.175,16,70
39603,-0.037,-0.667,0.684,-19.389,-5.088,7.211,18,69
39645,0.046,-0.704,0.726,-29.107,-18.795,20.774,18,69
39688,0.245,-0.747,0.694,-30.748,-35.992,15.197,19,69
39730,0.237,-0.896,0.45,-27.076,-12.612,-8.139,18,69
39772,0.277,-0.83,0.546,-19.0,-5.254,5.568,18,68
39822,0.22,-0.786,0.558,-18.916,1.551,2.97,162,69
39870,0.162,-0.815,0.579,-12.713,-5.238,-4.979,128,67
39913,0.209,-0.808,0.57,-19.176,5.327,2.469,20,67
39958,0.22,-0.787,0.54,-18.695,0.312,-5.601,18,66
40000,0.236,-0.871,0.519,-23.153,5.382,-10.097,19,66
40050,0.238,-0.866,0.539,-22.206,26.922,-12.664,164,66
40098,0.154,-0.845,0.535,-21.015,27.534,-13.946,133,64
40150,0.167,-0.812,0.484,-29.771,2.623,-15.829,166,64
40198,0.212,-0.702,0.395,-19.748,9.73,-5.43,129,63
40246,0.12,-0.885,0.396,-22.046,31.015,13.958,134,62
40295,0.065,-0.846,0.299,-24.58,27.427,-5.361,133,62
40347,0.077,-0.841,0.333,-40.046,-16.138,-10.084,0,61
40399,0.091,-0.93,0.322,-52.382,-33.481,-10.046,146,61
40450,0.207,-0.93,0.196,-61.267,-8.378,-1.874,136,94
40505,0.565,-1.01,0.273,-81.863,153.305,-32.931,0,96
40553,-0.025,-1.1,0.371,-55.733,250.13,35.527,84,114
40602,-0.772,-1.24,0.635,-11.433,159.0,14.702,85,115
40651,-0.442,-0.951,0.555,22.481,-7.487,2.979,86,115
40699,-0.03,-0.926,0.118,8.27,-56.435,6.234,86,106
40748,0.094,-0.878,0.083,1.257,4.865,10.184,86,110
40797,-0.042,-1.021,0.143,-20.481,19.712,4.302,87,108
40848,0.038,-0.95,0.271,-29.405,69.893,3.642,87,112
40897,-0.087,-1.077,0.286,-22.954,92.275,13.817,87,103
40945,-0.311,-1.07,0.304,-9.88,65.924,8.218,88,103
40993,-0.249,-0.99,0.229,4.677,33.763,0.653,89,100
41041,-0.18,-0.94,0.17,3.682,19.191,-1.839,89,99
41090,-0.104,-0.927,0.137,-9.763,9.073,-4.483,90,100
41138,-0.077,-0.956,0.12,-10.129,34.634,2.947,91,99
41187,-0.109,-0.985,0.165,-10.286,52.718,5.208,92,103
41238,-0.144,-0.983,0.189,-4.489,57.84,2.68,93,100
41286,-0.205,-1.017,0.141,-2.616,52.71,0.616,93,99
41376,-0.19,-0.95,0.191,5.39,30.979,0.985,61,96
41422,-0.167,-1.014,0.137,2.892,0.345,11.351,64,96
41469,-0.165,-0.992,0.101,-0.86,-24.809,-18.085,62,94
41516,-0.086,-0.974,0.069,-6.287,-13.447,-20.122,62,96
41563,-0.034,-1.096,0.147,-10.121,-5.47,-35.511,61,94
41609,-0.036,-1.103,0.241,-6.394,-20.599,-68.565,60,92
41656,-0.19,-1.531,0.246,27.954,-12.226,-106.611,66,98
41705,-0.532,-0.878,-1.132,58.229,45.527,-84.069,63,95
41752,-0.421,0.031,1.063,-82.756,20.329,130.748,64,96
41799,0.067,-1.528,-0.331,-14.951,10.485,-12.433,64,96
41846,0.417,-0.435,0.292,9.182,-42.458,36.107,62,102
41892,0.017,-1.212,-0.004,-9.773,-18.875,-1.47,63,95
41939,-0.064,-1.018,0.155,-16.101,-16.437,1.754,63,93
41986,-0.134,-1.142,0.271,-7.159,-16.679,4.292,63,95
42033,-0.102,-1.077,0.172,-3.221,-51.863,9.021,65,94
42083,0.146,-0.977,0.058,-2.166,-35.924,12.56,128,95
42136,0.182,-0.944,0.064,-4.969,17.488,6.012,127,96
42183,0.021,-0.991,0.046,-9.759,44.565,-4.097,64,93
42229,-0.176,-1.026,0.106,-8.307,50.992,1.711,63,92
42276,-0.061,-0.991,0.189,-6.837,25.736,2.987,64,93
42322,-0.143,-1.059,0.054,6.57,44.534,-1.238,67,94
42370,-0.102,-1.002,0.146,-0.48,11.907,4.613,64,94
42416,0.004,-1.048,0.027,2.4,14.932,-5.366,63,94
42463,-0.076,-0.954,0.065,-3.9,27.145,-2.434,63,99
42510,-0.105,-1.103,0.169,-9.744,7.363,-7.885,61,99
42560,-0.061,-0.965,0.104,9.484,8.705,-5.014,65,102
42607,-0.078,-1.01,0.054,-1.673,11.483,-6.132,63,101
42654,-0.082,-1.095,0.028,3.574,6.318,-8.631,65,102
42701,-0.089,-0.96,0.13,1.312,-6.114,-5.454,65,102
42748,-0.068,-1.031,-0.069,1.463,13.042,-13.745,63,102
42796,-0.212,-0.986,0.174,-6.753,-1.591,-0.54,63,100
42843,-0.047,-1.039,0.16,4.044,-17.359,-10.188,63,92
42890,0.017,-1.003,0.083,18.796,-17.843,-1.391,66,93
42936,0.048,-0.99,0.028,15.221,4.276,-6.192,66,90
42986,-0.062,-1.01,0.1,4.868,-6.048,-10.237,63,91
43032,-0.004,-1.003,0.114,0.8,-9.049,-13.318,64,89
43079,-0.026,-1.038,0.143,11.533,-7.733,-6.186,66,92
43125,0.005,-1.026,0.152,9.886,-19.346,-12.017,65,91
43173,0.002,-0.99,0.138,17.372,-16.232,-8.218,66,101
43220,-0.008,-1.005,0.134,8.21,-23.776,-13.193,64,104
43268,0.029,-0.989,0.122,10.501,-19.934,-11.634,64,94
43315,0.027,-1.039,0.17,-4.616,-35.883,-19.389,61,97
43365,0.061,-0.987,0.197,15.178,-28.794,-4.913,66,92
43412,0.138,-1.016,0.154,15.109,-12.696,-6.981,67,102
43459,0.103,-0.947,0.18,15.544,-4.337,-5.572,66,94
43506,0.081,-1.032,0.185,7.025,-13.378,-14.492,63,96
43553,0.119,-0.939,0.196,18.141,-1.276,-2.976,67,96
43599,0.078,-1.01,0.256,13.555,0.139,-3.163,66,93
43648,0.091,-0.956,0.244,19.994,-24.221,-6.517,67,112
43695,0.132,-1.015,0.172,9.038,-26.232,-11.406,65,94
43785,0.111,-1.009,0.286,27.814,4.193,2.957,69,97
43837,0.203,-0.905,0.234,8.983,-23.536,-12.264,67,113
43888,0.18,-0.972,0.259,6.572,-4.604,-11.389,142,93
43940,0.138,-0.906,0.308,3.307,-21.531,-12.644,142,115
43993,0.175,-0.966,0.275,21.995,-7.189,2.325,131,106
44044,0.237,-0.922,0.266,6.708,-7.703,-6.478,131,93
44094,0.164,-0.956,0.295,5.269,-15.504,-3.482,98,113
44143,0.193,-0.944,0.251,-0.336,-31.938,-3.952,97,97
44191,0.223,-0.94,0.348,13.829,-17.797,-1.266,96,95
44241,0.233,-0.917,0.328,12.831,-19.899,-1.54,96,115
44295,0.28,-0.901,0.288,6.401,-22.992,-2.408,95,96
44343,0.266,-0.897,0.333,9.076,-3.291,-0.578,95,99
44393,0.234,-0.898,0.365,9.58,0.1,2.606,95,117
44442,0.217,-0.922,0.349,7.082,-8.307,-3.105,95,99
44491,0.215,-0.973,0.374,12.13,-6.916,0.319,95,103
44540,0.215,-0.957,0.383,10.901,-16.452,-4.547,95,97
44592,0.261,-0.911,0.333,10.311,-7.365,0.67,95,132
44641,0.266,-0.931,0.341,1.891,-3.741,2.33,95,99
44690,0.232,-0.859,0.424,21.041,13.73,12.98,95,100
44742,0.183,-0.947,0.386,8.626,-2.655,13.035,95,100
44792,0.175,-0.935,0.345,8.265,-21.923,-1.265,93,120
44848,0.21,-0.892,0.348,3.933,-22.759,7.561,93,0
44889,0.219,-0.891,0.396,13.065,-2.327,15.114,92,0
44938,0.209,-0.915,0.371,11.871,6.138,13.895,92,110
44988,0.17,-0.908,0.45,17.582,5.106,28.72,91,109
45037,0.19,-0.92,0.408,11.339,-9.667,14.412,91,104
45087,0.241,-0.885,0.436,11.112,-1.779,15.873,90,118
45138,0.229,-0.874,0.45,8.774,7.407,12.39,90,139
45193,0.191,-0.891,0.423,4.952,3.778,2.356,90,137
45248,0.161,-0.885,0.437,13.135,15.02,17.253,89,119
45298,0.075,-0.867,0.446,0.71,-2.154,1.848,89,137
45348,0.115,-0.875,0.49,8.245,-3.641,12.972,89,133
45398,0.099,-0.863,0.51,10.068,1.324,10.121,88,112
45446,0.038,-0.957,0.436,3.536,-2.635,-0.852,88,120
45495,-0.06,-0.888,0.522,18.076,-3.455,18.116,87,124
45544,-0.277,-0.855,0.763,23.649,-27.71,7.607,86,117
45594,-0.709,-1.307,0.864,44.779,-72.099,15.429,85,142
45644,-0.415,-0.98,0.632,88.13,-28.71,113.588,80,94
45691,-0.261,-1.5,0.866,62.588,-3.742,174.954,75,98
45736,0.426,-1.338,0.735,92.84,-23.337,142.603,70,65
45782,0.678,-0.901,0.169,101.313,16.833,88.084,71,66
45832,0.362,-0.243,-0.045,52.542,64.641,52.221,165,70
45883,-0.558,-0.178,0.517,-20.267,58.679,63.412,163,73
45934,-0.487,-0.785,0.682,13.775,-65.115,67.557,160,75
45984,-0.086,-0.385,0.572,5.771,-81.29,55.382,158,77
46035,0.029,-0.518,0.641,-19.133,-47.598,46.847,156,79
46089,-0.183,-0.226,0.878,-3.48,-5.556,20.777,155,81
46143,-0.066,-0.461,1.222,-14.664,-73.229,20.782,0,82
46196,0.475,-0.951,1.033,34.802,-112.359,-3.036,0,82
46246,0.483,-0.877,0.679,23.695,-32.076,-80.473,143,82
46340,-0.677,-0.165,1.021,41.924,48.855,-64.824,148,78
46392,-0.829,-0.184,0.532,33.962,14.094,-48.649,151,99
46442,-0.998,-0.019,0.386,-4.888,16.513,29.229,148,79
46493,-0.696,-0.796,0.458,-30.992,-68.046,56.16,157,82
46547,-0.085,-0.424,0.802,-51.305,-134.015,69.771,152,86
46596,0.552,-0.918,0.963,-42.344,-178.473,79.924,87,90
46643,0.935,-1.012,0.914,-17.873,-167.489,-15.322,82,93
46693,1.331,-0.457,0.86,-7.259,-86.557,-21.423,84,147
46743,0.886,-0.446,0.704,16.841,35.718,-35.779,87,122
46793,0.286,-0.328,0.674,1.52,118.702,-50.794,86,136
46843,-0.3,-0.351,0.743,-24.176,113.298,-62.176,88,131
46894,-0.677,-0.44,0.819,-24.71,63.722,-76.191,89,129
46948,-0.383,-0.32,0.821,-24.809,-75.702,-6.542,98,0
47000,0.233,-0.599,0.814,-15.286,-126.107,42.771,85,116
47051,0.675,-0.765,0.716,-21.316,-118.237,35.504,80,162
47105,0.941,-0.69,0.636,-15.462,-44.679,-4.641,83,0
47159,0.665,-0.596,0.7,-21.267,38.427,-8.021,84,0
47199,0.335,-0.586,0.745,-16.03,56.122,-15.544,84,0
47246,0.204,-0.51,0.731,-27.839,30.443,-28.279,85,89
47294,0.235,-0.587,0.708,-26.356,-32.225,-23.177,91,87
47341,0.334,-0.55,0.643,-10.505,28.153,64.595,87,89
47391,0.081,-0.99,0.875,-5.938,82.313,127.321,85,86
47438,-0.089,-1.435,1.103,21.443,72.092,121.092,87,86
47492,-0.093,-0.936,1.127,52.786,-20.772,117.405,183,87
47545,-0.038,-0.415,0.754,43.962,32.086,133.053,184,90
47601,-0.104,-0.645,0.634,23.305,59.282,189.107,0,121
47657,-0.261,-0.538,0.551,51.489,104.008,232.664,0,129
47716,-0.548,-0.26,0.371,42.565,161.878,244.824,0,159
47762,-0.482,0.215,1.029,7.551,61.969,84.466,37,115
47810,-0.567,0.027,0.513,25.634,-9.465,55.809,37,146
47866,-0.639,-0.107,0.273,29.13,29.26,71.176,164,116
47923,-0.742,-0.087,0.809,11.04,38.649,43.786,0,115
47976,-0.6,0.131,0.657,9.166,39.188,30.975,162,114
48033,-0.811,0.053,0.591,3.107,3.389,-5.647,0,148
48091,-0.812,0.082,0.577,3.957,26.317,11.276,0,149
48144,-0.822,0.093,0.596,-0.197,13.794,13.827,162,113
48199,-0.813,0.108,0.596,-12.33,-1.637,7.851,162,147
48253,-0.657,0.039,0.443,-9.466,-12.968,-7.712,163,117
48309,-0.817,0.081,0.525,-3.974,27.168,8.466,163,147
48370,-0.94,0.055,0.509,-12.286,12.061,11.531,0,157
48428,-0.822,0.082,0.57,-11.202,5.322,18.419,0,149
48483,-0.746,0.093,0.479,-15.251,0.973,4.448,162,147
48539,-0.83,0.054,0.518,-12.061,10.64,5.195,162,156
48595,-0.856,0.044,0.555,-2.83,8.81,16.562,164,155
48653,-0.813,0.05,0.484,-7.779,3.947,5.648,0,157
48708,-0.823,0.116,0.537,-1.157,17.347,18.451,0,101
48760,-0.808,0.092,0.48,-1.613,9.478,14.783,163,102
48815,-0.801,0.105,0.472,-13.849,2.934,1.405,162,120
48874,-0.844,0.106,0.454,-10.545,13.312,5.442,164,157
48927,-0.872,0.123,0.503,-9.061,11.0,7.879,165,115
49028,-0.816,0.131,0.402,-13.207,5.14,6.898,166,158
49083,-0.834,0.158,0.459,-5.741,23.173,18.829,165,148
49139,-0.845,0.136,0.443,-7.364,16.871,15.047,167,157
49192,-0.835,0.137,0.389,-5.192,16.019,8.939,155,111
49246,-0.897,0.073,0.461,-5.751,17.684,13.052,155,110
49299,-0.781,0.056,0.484,7.124,33.17,2.035,155,110
49353,-0.88,0.124,0.311,3.862,6.73,-8.963,156,125
49412,-0.937,0.153,0.309,7.711,22.338,-0.734,156,157
49468,-0.913,0.189,0.323,-2.595,6.699,3.289,156,155
49519,-0.831,0.113,0.313,1.907,7.905,-0.995,157,79
49570,-0.829,0.127,0.284,7.674,21.917,-6.0,157,77
49622,-0.888,0.145,0.358,18.684,31.359,-2.531,158,76
49673,-0.935,0.131,0.258,19.206,27.046,-12.725,158,78
49724,-0.924,0.175,0.234,20.672,29.389,-0.365,159,76
49776,-0.883,0.099,0.262,19.061,38.05,0.909,160,77
49824,-0.849,0.054,0.198,27.664,5.19,-28.779,161,23
49875,-0.797,0.066,0.16,36.832,26.84,-38.885,162,22
49925,-0.87,-0.007,0.161,41.061,20.668,-60.046,163,20
49980,-1.044,0.009,0.173,50.275,-2.586,-63.863,166,149
50036,-0.916,0.037,0.086,49.351,-14.279,-68.389,168,152
50095,-1.01,-0.156,0.198,42.198,-37.454,-82.611,170,183
50153,-1.0,-0.216,0.241,51.267,-27.565,-88.046,173,180
50212,-0.989,-0.424,0.289,39.458,-43.908,-104.992,176,193
50269,-0.975,-0.467,0.344,40.641,-75.878,-105.969,0,107
50326,-0.898,-0.499,0.384,40.962,-102.351,-116.641,0,92
50381,-0.535,-0.574,0.309,34.71,-88.847,-88.626,0,88
50436,-0.549,-0.531,0.301,25.748,47.641,-108.779,0,85
50490,-0.677,-0.585,0.442,33.191,103.656,-66.527,0,84
50547,-0.872,-0.405,0.464,32.702,91.229,-63.672,0,136
50605,-0.859,-0.631,0.273,16.493,76.061,-81.29,0,128
50661,-0.681,-0.569,0.185,2.031,53.588,-61.748,0,122
50717,-0.719,-0.711,0.233,-15.397,89.031,-35.099,0,124
50775,-0.911,-0.705,0.388,-6.176,31.55,-0.774,0,129
50834,-0.667,-0.728,0.227,-5.25,-27.74,0.538,0,123
50891,-0.503,-0.769,0.164,-16.912,-12.005,-7.334,0,125
50948,-0.546,-0.749,0.225,-7.741,12.153,-2.755,0,127
51004,-0.57,-0.773,0.202,-3.891,31.504,1.02,0,125
51061,-0.719,-0.771,0.215,-3.116,22.84,0.228,0,128
51119,-0.683,-0.742,0.174,-4.656,13.294,0.859,0,127
51175,-0.662,-0.737,0.169,-0.052,10.683,5.545,0,128
51232,-0.605,-0.745,0.151,-4.442,3.552,1.719,0,128
51289,-0.624,-0.738,0.127,-3.202,6.4,-0.125,0,126
51349,-0.636,-0.735,0.134,-3.052,17.457,3.132,0,127
51405,-0.69,-0.72,0.13,-0.363,8.43,3.832,0,128
51463,-0.682,-0.745,0.113,-1.913,3.525,4.004,0,127
51520,-0.654,-0.703,0.092,3.62,11.673,26.383,0,128
51576,-0.704,-0.711,0.099,-0.124,6.601,8.69,0,127
51634,-0.744,-0.68,0.101,2.859,3.654,33.056,0,127
51690,-0.746,-0.653,0.072,0.114,-0.388,34.012,0,127
51747,-0.74,-0.66,0.104,-1.143,-15.821,21.887,0,127
51848,-0.686,-0.636,0.102,-1.759,-3.336,-8.085,0,129
51909,-0.836,-0.601,0.142,2.92,13.906,27.754,0,149
51968,-0.887,-0.607,0.153,3.786,-7.257,33.901,0,151
52020,-0.914,-0.478,0.153,10.234,-3.305,57.427,0,50
52076,-1.076,-0.606,0.11,-1.294,-34.332,106.321,0,49
52128,-1.326,-0.368,-0.007,15.709,-7.524,142.069,186,51
52186,-1.498,-0.114,-0.223,-35.282,33.172,226.634,180,55
52242,-1.306,0.154,-0.402,-63.176,53.931,250.13,175,160
52291,-1.41,0.296,-0.204,-138.863,140.137,250.13,36,165
52346,-0.971,0.069,0.177,-179.924,64.672,250.13,169,108
52395,-0.609,0.11,0.11,-155.015,38.122,211.511,25,151
52441,-0.688,-0.051,0.172,-119.267,34.084,195.931,25,144
52499,-0.578,0.053,0.274,-94.832,7.42,123.237,0,160
52546,-0.324,0.412,0.32,-64.214,-13.804,60.374,19,146
52592,-0.149,0.688,0.575,-32.031,3.228,48.677,18,149
52639,-0.278,0.791,0.497,-5.755,-9.23,4.045,19,155
52687,-0.291,0.972,0.332,4.145,-14.614,10.173,17,163
52734,-0.297,0.96,0.317,-5.184,-17.392,11.686,16,153
52784,-0.225,0.936,0.346,-17.551,-17.632,11.71,17,153
52831,-0.257,0.823,0.383,-16.506,-20.663,3.072,18,152
52890,-0.249,0.852,0.319,-8.517,-13.271,0.262,0,181
52937,-0.163,0.863,0.388,-4.091,-8.042,5.752,20,153
52985,-0.173,0.887,0.37,-3.735,0.81,-3.604,16,180
53030,-0.193,0.847,0.491,-4.395,-1.082,-3.473,16,112
53078,-0.212,0.892,0.417,-0.12,-3.169,-7.023,16,164
53125,-0.28,0.846,0.452,-7.131,-10.472,-9.295,16,158
53173,-0.312,0.866,0.387,-5.158,-22.994,-20.625,21,156
53217,-0.308,0.791,0.468,-3.12,-20.649,-19.348,17,157
53265,-0.253,0.772,0.439,-0.262,-11.785,-22.359,16,162
53311,-0.316,0.767,0.442,9.887,-15.536,-31.214,17,139
53359,-0.276,0.809,0.436,11.482,-7.134,-28.977,17,162
53416,-0.308,0.824,0.395,9.325,-10.639,-31.42,0,161
53462,-0.311,0.844,0.434,9.896,0.813,-34.916,16,114
53509,-0.284,0.81,0.476,16.18,7.609,-32.0,16,160
53567,-0.313,0.778,0.485,11.172,3.782,-36.107,0,159
53627,-0.399,0.759,0.424,6.124,15.384,-42.115,0,162
53678,-0.437,0.742,0.434,10.055,9.424,-46.214,16,0
53725,-0.435,0.745,0.394,13.082,27.337,-43.931,16,156
53772,-0.498,0.728,0.282,3.021,2.404,-43.809,17,155
53830,-0.511,0.678,0.297,7.58,26.588,-42.809,0,156
53885,-0.54,0.627,0.267,1.806,7.25,-49.496,0,114
53931,-0.665,0.632,0.299,12.131,33.229,-49.511,17,111
53975,-0.738,0.624,0.306,18.467,30.634,-47.267,16,111
54020,-0.717,0.623,0.189,11.071,14.977,-43.664,17,110
54067,-0.728,0.636,0.166,2.945,49.496,-37.725,16,108
54120,-0.879,0.622,0.231,-0.156,41.962,-32.649,0,78
54163,-0.8,0.576,0.111,-4.432,31.87,-5.032,16,73
54205,-0.846,0.534,0.125,-15.783,40.42,-23.213,12,72
54248,-0.872,0.475,0.126,-12.744,27.939,-12.882,11,75
54291,-0.826,0.514,0.093,-18.153,38.779,-14.345,16,75
54386,-0.92,0.5,0.13,-9.494,18.562,-14.811,0,71
54429,-0.886,0.479,0.099,-7.433,20.351,-10.21,17,70
54471,-0.812,0.459,0.072,-3.942,22.693,-5.862,16,71
54517,-0.824,0.429,0.048,-13.582,-3.835,-28.735,5,20
54559,-0.816,0.434,0.044,-1.184,37.752,-6.186,17,68
54612,-0.87,0.439,0.047,-1.597,27.305,-12.428,0,67
54669,-0.875,0.411,-0.027,-2.143,13.136,-16.985,0,67
54722,-0.86,0.397,-0.036,-0.475,26.802,-2.424,0,65
54778,-0.867,0.405,-0.043,1.418,31.847,-7.475,0,64
54820,-0.882,0.328,-0.11,0.109,6.641,-18.574,17,64
54862,-0.878,0.337,-0.158,6.688,32.939,-6.827,16,62
54904,-0.919,0.412,-0.146,5.596,34.29,-12.775,16,63
54969,-0.963,0.356,-0.125,13.048,38.902,-3.807,0,61
55024,-0.948,0.369,-0.21,15.615,33.657,-12.173,0,61
55078,-0.884,0.367,-0.261,16.018,33.106,-2.427,0,60
55134,-0.925,0.337,-0.209,4.559,15.936,-9.223,0,59
55188,-0.889,0.292,-0.21,-1.019,-2.975,-19.179,0,58
55243,-0.964,0.343,-0.244,11.053,16.122,-3.781,0,58
55299,-0.92,0.293,-0.281,-3.528,-0.046,-12.877,5,17
55353,-0.939,0.302,-0.222,5.248,13.677,-8.285,0,57
55408,-0.933,0.306,-0.283,7.443,2.044,-2.622,0,57
55465,-0.943,0.287,-0.27,17.177,6.407,3.218,0,57
55521,-0.899,0.282,-0.295,14.477,-0.044,2.48,0,57
55575,-0.943,0.342,-0.306,8.058,-4.29,0.165,0,57
55630,-0.915,0.276,-0.281,5.416,-12.264,4.82,0,58
55686,-0.92,0.336,-0.285,4.316,-10.214,6.353,0,58
55740,-0.937,0.332,-0.268,-1.08,-29.21,3.162,0,58
55795,-0.927,0.297,-0.254,-0.126,-43.178,-0.191,0,59
55851,-0.974,0.376,-0.203,-1.624,-24.313,22.988,0,60
55906,-0.935,0.338,-0.188,-0.757,-35.511,8.204,0,61
55964,-0.997,0.351,-0.164,-0.689,-42.206,19.899,0,62
56016,-0.908,0.381,-0.126,-0.948,-45.511,21.943,0,17
56073,-0.968,0.381,-0.049,-1.695,-51.13,14.565,0,18
56128,-0.925,0.374,-0.048,2.241,-60.962,24.569,0,67
56173,-0.856,0.405,-0.016,-1.224,-58.969,-1.073,17,67
56218,-0.843,0.416,0.027,0.546,-54.893,18.192,17,69
56264,-0.801,0.427,0.076,-0.921,-52.183,20.628,17,70
56309,-0.829,0.446,0.134,-0.329,-49.924,14.078,17,72
56354,-0.804,0.447,0.121,-0.056,-44.153,12.551,17,76
56416,-0.836,0.457,0.246,-1.35,-42.115,9.874,0,116
56474,-0.805,0.47,0.247,0.002,-47.031,12.86,0,120
56534,-0.779,0.455,0.297,1.038,-47.183,3.642,0,118
56592,-0.751,0.46,0.313,0.136,-44.053,-1.111,0,119
56650,-0.786,0.461,0.403,0.763,-43.542,-0.237,0,114
56709,-0.642,0.469,0.435,0.632,-34.977,-2.486,0,117
56767,-0.739,0.478,0.437,0.735,-37.26,-1.554,0,113
56819,-0.627,0.485,0.422,0.194,-27.847,-0.562,0,21
56873,-0.746,0.464,0.48,-4.79,-24.895,-1.417,0,37
56930,-0.676,0.471,0.489,-1.949,-25.053,-2.562,0,18
56986,-0.691,0.452,0.509,-2.535,-8.701,-1.651,0,17
