Timestamp(ms),AccelX(g),AccelY(g),AccelZ(g),GyroX(deg/s),GyroY(deg/s),GyroZ(deg/s),DistanceLeft(cm),DistanceRight(cm)
30972,-0.115,-0.992,0.224,-7.178,-26.34,-7.428,0,130
31026,-0.092,-0.991,0.177,-1.183,-11.22,-2.339,0,80
31077,-0.116,-0.968,0.215,0.534,7.331,3.525,166,78
31128,-0.121,-0.986,0.184,3.136,4.479,5.502,166,77
31178,-0.127,-0.951,0.213,2.144,9.582,7.789,155,76
31233,-0.136,-0.986,0.206,-0.129,-2.064,7.342,166,127
31287,-0.102,-0.964,0.187,0.352,1.993,7.541,166,127
31341,-0.14,-0.989,0.167,-2.512,-4.912,4.419,167,78
31394,-0.115,-0.976,0.15,-3.632,-8.516,3.11,0,76
31447,-0.114,-0.999,0.182,-4.152,-6.569,3.192,0,76
31500,-0.115,-0.976,0.164,-4.864,-1.129,-1.038,0,75
31553,-0.146,-0.976,0.21,-4.365,-5.197,-2.897,0,75
31606,-0.11,-0.992,0.191,-2.663,-8.222,-5.112,0,75
31659,-0.125,-0.987,0.174,-2.398,0.042,-5.069,0,75
31712,-0.153,-0.98,0.216,-1.284,-2.106,-3.442,0,75
31765,-0.129,-0.984,0.165,-1.403,-8.771,-2.434,0,75
31821,-0.121,-0.965,0.207,-0.966,3.168,0.799,0,76
31875,-0.163,-0.975,0.207,-1.2,-3.035,0.679,0,77
31928,-0.135,-0.979,0.19,-1.421,-8.273,1.009,0,76
31981,-0.112,-0.972,0.184,-0.766,-3.665,3.386,0,77
32034,-0.129,-0.972,0.204,-1.095,-1.21,4.123,0,79
32090,-0.133,-0.984,0.214,-0.449,-5.928,3.728,0,125
32146,-0.123,-0.973,0.2,-0.885,-6.098,3.078,0,127
32202,-0.134,-0.982,0.194,-0.369,-5.342,2.615,0,127
32259,-0.134,-0.97,0.194,-0.655,-7.378,1.888,0,140
32319,-0.124,-0.972,0.205,-0.28,-5.434,1.78,0,139
32375,-0.117,-0.976,0.193,-0.25,-3.958,1.459,0,137
32433,-0.144,-0.978,0.181,-1.567,-4.668,0.804,0,139
32486,-0.135,-0.974,0.193,-1.76,-8.11,1.337,0,76
32538,-0.13,-0.975,0.194,-1.71,-5.567,2.978,0,74
32591,-0.121,-0.972,0.223,-0.615,-1.699,3.28,0,75
32645,-0.137,-0.969,0.213,-0.966,-2.708,2.813,0,75
32698,-0.13,-0.977,0.209,-0.704,-5.742,3.494,0,75
32754,-0.117,-0.965,0.213,-0.046,-2.719,3.411,0,125
32811,-0.14,-0.979,0.213,-0.362,-3.364,2.215,0,125
32870,-0.141,-0.963,0.214,-0.841,-6.868,1.996,0,133
32926,-0.137,-0.975,0.167,-1.039,-8.034,0.753,5,38
32985,-0.141,-0.98,0.193,-0.807,-6.666,0.618,0,173
33038,-0.159,-0.965,0.228,-1.292,-5.635,1.62,0,76
33092,-0.14,-0.98,0.215,0.661,-7.237,2.686,0,95
33146,-0.147,-0.973,0.215,1.071,-2.174,2.903,0,95
33203,-0.143,-0.976,0.214,1.674,-2.888,2.931,0,121
33256,-0.146,-0.966,0.232,2.99,-0.925,6.082,0,73
33311,-0.146,-0.967,0.217,2.839,-2.627,4.727,0,120
33370,-0.153,-0.965,0.218,2.441,-4.493,5.453,0,97
33428,-0.138,-0.96,0.194,2.334,-4.254,4.278,0,166
33482,-0.148,-0.961,0.231,2.647,-4.023,7.236,0,92
33538,-0.147,-0.971,0.181,1.701,-5.377,4.923,0,114
33593,-0.148,-0.958,0.213,3.109,-6.044,8.186,0,112
33648,-0.132,-0.96,0.221,4.396,0.255,13.118,0,111
33746,-0.071,-0.892,0.193,6.409,10.142,12.056,0,118
33801,-0.117,-0.835,0.319,5.213,41.153,31.992,0,89
33856,-0.387,-1.279,0.629,-14.595,-16.549,50.237,0,96
33913,0.023,-1.038,0.369,24.458,0.808,22.939,0,90
33968,-0.329,-0.03,0.314,25.969,85.099,-75.481,0,92
34028,-1.597,-1.232,0.287,-1.86,-11.351,-67.115,0,0
34081,-0.575,-1.693,-0.322,-54.718,-250.137,241.198,0,67
34135,1.692,-0.779,-1.369,15.974,23.527,-28.786,0,69
34190,-0.213,-0.361,-0.528,52.611,250.13,-46.183,0,105
34244,-1.856,-0.501,0.98,-96.649,250.13,92.718,0,100
34299,-1.152,-1.77,0.131,-28.58,-209.977,35.214,0,100
34357,-0.17,-0.217,0.077,-80.191,-4.302,-93.351,0,87
34412,-0.314,-1.427,0.02,-94.382,-87.863,7.07,0,99
34466,-0.043,-0.789,-0.414,117.832,202.58,-67.626,0,99
34522,-1.871,-0.583,1.437,-80.779,-72.893,-59.847,0,100
34577,-0.011,-1.658,-0.635,21.715,-250.137,-36.565,0,100
34631,0.095,-0.251,-0.3,77.588,169.588,-56.924,174,103
34686,-1.404,-0.983,0.956,-70.977,-37.092,7.087,0,104
34742,0.336,-1.671,-0.829,70.427,-133.588,45.191,0,107
34797,-0.67,-0.556,0.661,-28.841,-3.738,-15.359,0,106
34852,-0.253,-1.345,-0.119,-38.687,-250.137,40.947,0,54
34906,0.531,-0.938,-0.448,23.015,18.472,-62.435,0,56
34956,-0.137,-0.617,0.621,-36.244,80.725,40.496,162,58
35008,0.188,-1.51,-0.248,4.302,90.985,11.414,161,94
35061,-0.225,-0.706,-0.03,23.718,250.13,-22.779,161,109
35118,-0.94,-0.971,1.065,-55.496,-4.098,45.389,0,109
35173,0.187,-1.228,-0.223,36.45,-45.687,-52.321,0,110
35228,-0.149,-0.766,0.38,3.094,34.115,-14.057,0,110
35284,0.05,-1.251,-0.211,38.099,74.076,-29.206,0,111
35343,-0.595,-0.69,-0.107,32.863,212.359,-41.282,0,0
35390,-0.771,-0.822,0.474,-53.267,-154.534,-7.784,0,0
35449,0.63,-1.206,-0.72,19.457,-40.74,-30.181,183,0
35511,-0.565,-0.79,0.601,-9.161,175.031,-33.504,0,0
35571,0.009,-1.328,-0.094,16.016,-35.718,-38.13,0,0
35633,-0.5,-0.659,0.419,2.92,71.527,-31.466,0,0
35693,0.189,-1.22,-0.301,-8.461,-91.573,-17.236,0,0
35748,-0.417,-0.653,0.299,1.952,109.641,-22.254,102,0
35807,-0.268,-1.185,-0.09,-32.839,-123.588,-13.857,102,0
35862,0.23,-0.902,-0.412,15.823,100.557,-17.315,101,0
35917,-0.78,-0.688,0.542,-37.878,57.168,49.0,99,0
35973,0.059,-1.214,-0.15,-2.54,-69.786,6.714,96,0
36027,-0.239,-0.631,0.001,31.55,103.015,-34.412,94,0
36082,-1.09,-0.928,0.727,-70.832,-143.023,4.696,90,0
36124,0.095,-1.607,-0.366,-7.576,-250.137,-57.191,117,0
36180,0.577,-1.115,-0.755,82.527,-43.386,-159.344,112,0
36220,-0.543,-0.202,0.273,12.654,112.214,-32.893,80,0
36275,-0.572,-0.618,0.876,-67.656,-217.702,46.748,106,127
36326,1.017,-1.331,-0.855,61.244,-95.26,-77.496,101,110
36376,0.169,-1.247,0.174,27.847,192.573,6.245,97,113
36427,-0.523,-1.346,1.298,-110.901,-106.412,221.809,92,136
36520,0.4,-0.858,-0.63,42.71,24.661,-62.267,87,119
36569,-0.014,-0.62,0.22,-38.496,17.017,149.076,84,94
36618,0.664,-1.871,-0.307,-4.487,-43.119,-40.748,82,122
36669,0.857,-0.777,-1.119,192.672,250.13,-183.595,84,140
36721,-2.0,0.115,1.683,-159.611,234.229,-26.959,45,140
36771,-1.5,-2.0,-0.216,-245.893,-250.137,103.305,81,122
36818,2.0,-0.945,-1.261,176.534,-219.878,-119.977,77,91
36869,0.897,-0.438,-1.027,2.161,250.13,-42.374,77,126
36918,-0.765,-0.761,1.215,-179.786,250.13,62.687,78,126
36968,-0.294,-2.0,-0.493,-12.483,-99.687,61.282,77,126
37018,0.098,-0.51,0.335,105.344,-66.534,-33.226,76,126
37067,0.12,-0.412,0.376,-80.886,-124.282,38.786,75,130
37117,0.436,-1.987,-0.903,-26.42,-7.151,12.118,74,128
37171,-0.378,-0.454,0.424,74.008,57.321,11.886,74,128
37220,-0.615,-0.652,0.846,-75.427,-217.557,84.435,73,128
37264,0.773,-2.0,-1.071,6.705,-165.931,29.122,49,52
37313,0.644,-0.961,-0.834,124.351,193.16,-49.832,71,117
37362,-0.648,-0.144,0.35,-13.755,212.313,21.977,72,130
37412,-0.339,-1.308,0.468,-90.053,-116.023,34.771,71,131
37463,1.078,-1.458,-1.464,134.29,198.977,-56.115,72,131
37512,-1.492,-0.158,0.787,-10.88,244.198,-5.94,75,128
37565,-0.928,-1.288,0.251,-110.046,-250.137,-8.183,74,132
37615,0.89,-1.291,-1.149,115.0,-89.237,-60.344,71,130
37665,-0.097,-0.19,0.323,-10.877,119.977,28.847,71,131
37714,-0.32,-1.474,0.346,-92.58,-1.918,18.925,71,130
37771,0.213,-0.764,-0.395,165.626,157.435,-9.688,73,131
37820,-0.916,-0.506,0.875,-47.351,43.397,-3.516,73,133
37867,-0.357,-1.581,-0.011,-85.603,-215.267,14.576,70,109
37915,0.611,-1.222,-0.44,125.886,-21.731,-10.776,69,133
37967,-0.251,-0.5,0.368,-35.71,71.511,23.168,21,40
38017,0.386,-1.7,-0.351,-57.489,-20.827,34.725,69,134
38064,0.467,-0.99,-0.576,142.015,234.298,-12.589,50,135
38112,-1.176,-0.216,0.882,-31.794,151.473,-19.295,46,137
38160,-0.929,-0.933,0.678,-124.412,-250.137,-15.689,47,136
38208,0.772,-1.474,-1.039,95.908,-119.664,1.498,49,137
38255,-0.084,-0.259,0.39,32.504,176.092,-1.208,48,139
38303,-0.967,-0.765,1.17,-106.901,-2.544,-5.32,51,138
38351,0.036,-1.562,-0.412,12.614,-146.45,26.275,50,139
38406,0.158,-0.461,0.028,75.664,77.405,5.07,100,140
38454,-0.509,-0.572,0.959,-73.214,-40.487,9.206,17,42
38505,0.186,-1.611,-0.433,30.71,-33.468,4.588,100,138
38561,-0.15,-0.326,0.394,36.634,129.573,-25.205,0,138
38619,-0.567,-0.991,0.567,-64.886,-31.55,19.034,0,137
38675,0.088,-1.105,-0.189,48.504,-22.059,-7.345,0,138
38723,-0.319,-0.65,0.375,0.065,63.099,-10.196,51,137
38772,-0.453,-1.175,0.243,-37.336,-33.941,-10.489,57,137
38823,-0.132,-0.97,-0.005,6.068,-31.832,10.348,57,136
38880,-0.494,-0.69,0.356,-50.008,-101.107,53.832,0,137
38936,0.242,-1.219,-0.139,-19.983,-111.702,65.58,0,138
38993,0.119,-0.87,-0.302,44.244,194.977,-4.245,0,136
39093,-0.14,-1.298,-0.231,-14.108,-215.786,29.053,0,135
39150,0.096,-0.751,-0.173,8.317,31.618,6.442,0,135
39206,-0.729,-0.897,0.544,-74.603,-116.565,20.036,0,133
39263,0.548,-1.226,-0.582,43.809,20.536,8.214,0,134
39319,-0.919,-0.469,0.644,-35.924,163.527,-6.168,0,130
39378,-0.24,-1.296,-0.048,-20.076,-129.641,13.055,0,132
39435,0.235,-0.695,-0.467,41.221,144.374,-2.263,0,129
39483,-1.596,-0.921,1.089,-85.527,-78.649,10.457,57,128
39538,-0.329,-1.155,-0.027,-34.626,-250.137,50.023,0,104
39592,0.985,-1.1,-0.864,57.802,60.107,-9.309,5,31
39648,-0.644,-0.558,-0.303,25.046,250.13,-27.655,0,100
39694,-2.0,-1.006,0.933,-79.221,-250.137,12.502,57,100
39742,-0.085,-1.322,-0.506,-11.712,-250.137,46.237,89,88
39799,1.333,-1.231,-1.163,71.023,86.58,-47.595,0,97
39854,-0.717,-0.6,-0.696,52.313,250.13,-2.723,0,90
39900,-2.0,-0.915,1.335,-91.153,-105.947,64.061,53,89
39953,-0.292,-1.2,-0.169,-11.355,-250.137,66.351,0,87
40006,0.781,-0.227,-0.761,79.809,159.794,-28.55,0,66
40061,-0.598,-0.234,-0.383,37.275,250.13,23.603,0,107
40109,-2.0,-0.911,0.497,15.014,223.046,36.481,53,107
40163,-2.0,-1.007,0.479,-77.092,-250.137,-43.779,0,106
40213,0.476,-2.0,-2.0,6.768,-250.137,-73.626,130,76
40263,0.851,-0.511,-0.998,86.679,250.13,-72.336,108,74
40310,-1.484,-0.016,0.026,-114.901,250.13,22.885,51,101
40356,-1.743,-1.72,1.115,-206.931,-86.664,-31.809,51,99
40401,-0.142,-2.0,-1.053,73.756,-250.137,-44.557,53,73
40444,0.141,-0.446,-0.154,82.924,-37.38,-45.962,57,43
40488,-0.859,0.095,-0.105,-97.817,-7.544,24.687,55,62
40534,-0.983,-0.649,0.746,-182.214,-201.641,34.824,57,66
40583,0.341,-2.0,-1.32,34.612,-176.893,-28.267,144,62
40634,0.316,-0.62,-0.813,133.87,250.13,-102.908,121,50
40677,-1.481,-0.239,-0.249,14.765,250.13,-41.26,57,47
40721,-1.254,-0.743,0.529,-149.519,57.031,-20.026,58,48
40764,-0.832,-1.752,-0.402,-59.252,-190.328,8.895,58,37
40808,-0.034,-1.354,-0.712,166.374,-91.336,-3.597,62,47
40856,-0.006,-0.542,-0.305,75.237,65.679,-14.951,126,49
40899,-0.528,-0.49,-0.131,-53.763,44.87,26.489,58,50
40943,-0.477,-1.107,0.111,-104.328,-43.489,3.353,58,50
40987,-0.167,-1.726,-0.814,35.221,-59.191,2.507,58,51
41030,-0.907,-0.31,0.394,22.519,-74.718,-18.275,59,74
41076,-1.01,-0.617,0.225,-127.046,-250.137,10.817,60,84
41129,0.287,-2.0,-1.28,-12.698,-250.137,33.924,0,66
41182,0.532,-0.833,-0.718,132.305,116.802,-38.863,0,64
41235,-0.646,-0.215,0.059,-32.084,250.13,-8.766,0,61
41288,-1.049,-1.223,0.705,-104.794,16.676,9.797,0,65
41340,0.032,-1.482,-0.555,131.321,-63.626,28.794,0,65
41394,-0.131,-0.432,-0.01,59.145,81.046,-9.716,0,64
41442,-0.443,-0.591,0.264,-63.58,52.847,-6.991,63,63
41487,-0.336,-1.551,-0.412,-2.803,7.281,-20.434,64,64
41532,-0.96,-0.453,0.518,46.939,14.464,-41.954,65,63
41628,0.583,-2.0,-1.214,38.693,-231.565,31.526,0,68
41681,-0.025,-0.386,-0.351,112.611,250.13,-47.916,0,66
41728,-1.375,-0.749,1.138,-70.084,48.221,-13.39,66,66
41773,-0.637,-1.667,-0.047,-9.789,-226.366,10.973,74,68
41826,-0.266,-0.904,-0.045,81.55,-138.198,8.227,0,70
41877,-0.513,-0.673,0.281,-34.321,-250.137,118.176,0,23
41931,0.891,-1.918,-0.867,4.97,-126.191,46.076,0,24
41984,0.099,-0.703,-0.465,80.733,250.13,-74.542,0,49
42036,-1.335,-0.603,1.251,-65.565,79.634,-17.858,0,50
42088,-0.476,-1.661,-0.04,8.465,-222.824,19.055,0,49
42140,0.036,-0.767,-0.127,85.206,70.397,-23.534,0,49
42192,-0.042,-0.037,0.679,-19.2,112.244,141.886,0,51
42245,-0.767,-1.784,-0.037,39.267,127.084,-95.351,0,49
42299,-0.661,-0.2,0.696,62.985,10.251,-8.447,0,75
42354,-0.462,-1.297,0.294,-28.252,-155.26,2.693,0,49
42406,-0.24,-0.993,-0.016,52.198,-15.953,-99.412,0,48
42459,-0.014,-0.272,0.552,25.044,20.697,99.847,0,48
42514,0.051,-1.585,-0.134,10.09,52.412,-28.908,0,110
42566,-0.576,-0.591,0.269,74.824,189.466,-97.725,0,47
42621,-0.897,-0.428,1.227,-39.786,-45.878,82.893,0,109
42681,0.219,-1.778,-0.603,45.756,-50.779,-117.603,0,158
42736,-0.681,-0.056,0.595,30.107,245.366,22.926,0,110
42791,-1.177,-0.752,1.269,-65.679,-108.046,132.374,0,96
42850,0.219,-1.179,-0.66,87.183,-35.435,-135.45,0,92
42905,-0.894,0.266,0.487,-13.983,187.832,-3.718,0,107
42961,-1.034,-0.915,1.079,-98.191,-176.351,106.366,0,107
43017,0.634,-1.255,-0.711,93.099,-41.756,-99.351,0,112
43073,-0.532,-0.293,0.381,-25.197,250.13,8.422,0,108
43128,-1.041,-1.879,0.93,-88.809,-128.069,70.031,0,109
43185,0.805,-1.461,-0.49,116.87,-45.557,-62.542,0,110
43241,-0.053,-0.353,-0.251,76.847,250.13,-48.107,0,110
43305,-1.589,-0.67,0.968,-93.015,-36.565,-114.198,0,0
43353,0.11,-0.734,-0.419,0.612,-227.359,-117.542,0,0
43400,-0.516,-0.969,0.199,-39.084,118.603,-225.359,0,0
43441,-1.907,-1.547,1.037,-50.695,56.695,-213.557,91,0
43494,-2.0,-0.512,0.826,-13.351,-250.137,14.682,64,0
43533,1.043,-0.838,-1.425,-49.466,-250.137,115.565,43,0
43579,1.811,-1.364,-1.475,73.115,-38.855,-62.298,39,100
43626,0.423,-0.562,-0.466,103.664,250.13,-39.153,41,129
43683,-0.123,-0.5,0.653,-27.601,63.954,178.573,153,178
43741,0.001,-1.876,-0.026,20.097,-50.611,-50.382,145,129
43795,0.571,-0.562,0.794,21.829,-64.939,-22.913,139,133
43846,0.213,-1.556,-0.258,-11.708,-9.892,-60.023,115,124
43905,-0.23,-0.534,0.792,0.568,-31.537,-30.985,137,0
43955,0.349,-1.19,-0.231,-47.756,-173.214,7.727,94,117
44013,0.39,-0.721,-0.332,69.504,76.901,-93.969,144,0
44065,-0.415,-0.606,0.794,-104.687,-99.527,86.412,116,140
44113,0.952,-2.0,-1.085,26.427,-33.397,-42.084,92,77
44168,0.233,-0.189,0.178,119.328,250.13,-9.015,82,138
44222,-0.899,-0.713,1.26,-173.756,-108.031,27.061,81,0
44314,1.2,-0.646,-0.23,126.687,-52.443,-10.903,105,82
44363,0.289,-0.646,0.034,-15.41,115.908,4.287,103,80
44419,0.033,-1.208,0.382,-85.405,-41.176,28.244,132,80
44467,0.776,-1.218,-0.778,105.794,111.725,-28.076,104,79
44513,-0.157,-0.387,0.141,0.061,250.13,-10.401,81,81
44563,-0.891,-0.672,2.0,-147.427,-34.092,33.427,144,79
44613,0.732,-2.0,-1.006,26.13,-171.206,27.092,143,77
44666,0.497,-0.355,0.045,84.198,149.626,-0.789,145,77
44715,-0.305,-0.853,0.323,-104.053,120.931,33.252,86,114
44767,-0.015,-1.966,-0.471,-53.954,-15.338,31.725,149,113
44823,0.029,-0.743,0.069,96.763,118.886,3.884,151,177
44879,-0.39,-0.952,0.581,-100.397,-57.443,-1.679,152,177
44936,0.513,-1.735,-0.893,25.573,-27.589,-3.995,153,175
44996,-0.311,-0.569,0.511,-6.522,76.397,26.473,0,0
45053,-0.03,-1.516,-0.214,-44.053,-75.344,48.832,0,149
45114,0.138,-0.503,-0.227,72.702,162.87,5.788,160,0
45174,-0.583,-0.987,0.588,-73.198,8.606,40.435,0,0
45235,0.133,-1.179,-0.54,98.908,28.16,-17.776,0,0
45293,-0.549,-0.625,0.321,-49.855,14.721,26.092,166,0
45352,0.153,-1.573,-0.497,10.863,-56.45,44.824,0,0
45413,-0.256,-0.397,-0.183,42.489,180.977,3.103,0,0
45471,-0.722,-1.107,0.264,-60.718,-17.824,-1.182,0,160
45531,0.15,-1.135,-0.384,61.031,32.725,19.338,0,183
45589,-0.798,-0.71,0.445,-44.198,77.382,12.785,0,172
45650,-0.317,-1.226,-0.052,-4.034,-119.916,14.231,0,167
45709,0.085,-0.766,-0.306,41.573,70.924,21.015,0,158
45766,-0.797,-0.874,0.352,-47.267,22.017,14.332,0,157
45825,-0.019,-1.2,-0.025,22.229,-131.886,21.889,0,169
45883,0.128,-0.776,-0.568,77.504,205.038,-30.618,0,156
45942,-1.319,-0.793,0.58,-61.29,1.937,-9.92,0,186
46001,0.102,-1.175,-0.339,1.819,-183.557,7.128,0,162
46059,0.136,-0.785,-0.477,37.099,169.641,-32.275,0,168
46117,-1.022,-0.934,0.673,-65.771,10.082,27.718,0,159
46178,0.138,-1.219,-0.308,43.931,-54.336,-34.176,0,161
46236,-0.325,-0.594,0.214,-3.864,101.947,-7.671,0,161
46295,-0.512,-1.113,0.26,-28.786,-123.176,6.546,0,162
46353,0.359,-1.005,-0.643,49.756,28.422,-44.504,0,159
46407,-1.36,-0.647,0.907,-80.702,-61.664,-3.032,112,182
46468,0.181,-1.428,-0.351,-45.481,-250.137,28.588,0,0
46526,0.676,-0.862,-1.192,106.359,250.13,-42.092,0,162
46579,-2.0,-0.619,1.462,-84.466,189.504,-8.018,109,163
46637,-0.488,-1.337,-0.094,-34.16,-250.137,26.595,108,178
46690,0.836,-1.03,-0.892,63.069,3.254,-48.206,109,162
46743,-0.161,-0.742,-0.543,33.229,250.13,-40.321,106,165
46790,-1.617,-0.897,0.988,-65.305,89.565,2.59,105,61
46843,-0.545,-1.3,0.026,-17.384,-250.137,22.618,103,177
46898,0.635,-0.994,-0.86,75.046,-3.422,-62.863,101,189
46945,-0.747,-0.383,0.394,-45.061,192.0,-30.038,100,66
46993,-0.741,-1.324,0.436,-54.885,-99.397,11.979,98,76
47046,0.438,-1.351,-0.531,124.458,-9.129,-45.481,96,186
47139,-1.168,-0.692,1.089,-124.992,-18.102,3.577,92,72
47186,0.313,-1.643,-0.46,16.007,-198.542,-6.67,88,79
47235,0.833,-0.505,-1.076,181.916,209.725,-119.076,85,82
47281,-0.862,0.016,-0.289,28.198,250.13,-41.191,85,79
47328,-1.482,-1.269,0.872,-203.26,-130.992,33.466,24,25
47378,-0.206,-2.0,-0.666,-66.046,-250.137,10.789,75,143
47429,1.099,-1.477,-1.219,136.267,-134.656,-144.824,72,147
47476,0.431,-0.214,-0.449,38.55,203.496,-31.695,69,104
47526,-0.329,-1.038,0.407,-202.931,60.153,124.069,66,100
47575,-0.217,-2.0,0.085,-94.695,-158.359,-51.794,64,105
47626,0.507,-1.115,-0.437,154.198,-107.053,-181.489,63,181
47677,0.285,-0.31,-0.281,22.351,144.969,-59.527,62,157
47724,-0.367,-0.491,0.244,-114.679,67.336,134.351,59,105
47771,-0.573,-2.0,0.237,-49.534,-193.153,59.015,57,114
47819,0.506,-1.168,-0.752,182.947,-58.962,-143.84,55,115
47866,0.356,0.055,-0.298,43.351,195.695,-32.573,54,112
47917,-0.298,-0.488,0.179,-142.733,153.336,132.366,52,121
47964,-0.637,-2.0,0.003,-68.779,-36.922,34.099,50,116
48011,-0.012,-0.937,-0.148,116.672,-78.695,-1.191,47,118
48059,-0.464,-0.172,0.121,-60.58,-113.664,47.557,44,121
48105,-0.267,-0.689,0.088,-214.328,-250.137,139.496,13,36
48152,0.233,-2.0,-0.799,-57.847,-204.206,26.344,38,121
48199,0.699,-0.97,-0.596,200.206,-45.006,-63.298,36,123
48246,0.336,-0.683,-0.499,111.802,212.023,-43.947,35,123
48296,-0.326,-0.69,-0.065,-82.916,247.878,-4.812,33,124
48344,-1.227,-1.45,1.174,-194.366,-38.542,-12.675,32,125
48390,-0.076,-1.573,-0.238,-30.122,-250.137,94.313,29,124
48436,0.624,-1.102,-0.459,102.13,-218.947,-101.122,36,102
48481,0.533,-0.641,-0.574,1.073,38.893,-127.58,32,101
48528,-0.247,-0.75,-0.119,-86.473,172.107,-32.45,32,122
48575,-0.388,-1.243,0.102,-60.206,38.901,113.809,32,121
48621,-0.174,-1.59,-0.467,79.756,11.662,70.748,34,121
48668,-0.685,-0.5,0.268,11.21,28.16,-71.069,34,120
48718,-0.886,-0.903,0.446,-115.687,-250.137,-51.656,36,120
48766,0.739,-1.822,-1.193,-3.367,-250.137,-61.71,89,97
48815,0.851,-0.799,-0.887,88.511,158.809,-61.954,90,96
48861,-0.575,-0.457,0.056,-35.832,250.13,-12.225,38,95
48908,-0.765,-1.103,0.409,-85.038,36.634,63.061,38,119
48954,0.063,-1.409,-0.334,25.382,-36.313,70.282,39,120
49002,0.029,-0.892,-0.252,44.718,82.29,35.061,43,120
49049,-1.357,-0.677,1.007,-74.435,-160.038,-15.692,41,121
49100,-0.431,-1.257,-0.265,-71.87,-250.137,-1.766,90,94
49147,1.398,-1.161,-1.171,103.649,9.881,-58.626,90,76
49195,0.054,-0.59,-0.609,61.718,250.13,-13.688,62,98
49241,-1.423,-0.685,1.1,-67.87,235.863,8.782,39,103
49289,-0.966,-1.34,0.272,-22.023,-232.832,32.282,40,124
49334,0.497,-1.152,-0.59,69.122,-149.565,30.489,43,95
49380,-0.126,-0.552,0.017,5.253,40.29,24.198,42,95
49425,-0.63,-0.941,0.383,-47.626,-95.962,32.42,39,79
49477,0.316,-1.366,-0.541,23.557,-99.0,21.167,181,76
49576,-0.828,-0.717,0.866,-48.008,-144.496,20.701,180,75
49630,0.794,-1.631,-0.867,44.878,-40.351,-44.221,0,70
49683,-0.277,-0.64,0.095,50.481,250.13,-36.916,181,78
49741,-0.783,-0.902,0.91,-21.948,-7.954,60.931,0,145
49799,-0.041,-1.306,-0.377,48.321,-59.969,-23.516,0,137
49853,-0.154,-0.517,0.179,-19.524,-49.267,79.26,0,78
49907,0.011,-1.305,-0.301,-33.802,1.15,51.649,0,80
49963,-0.735,-0.633,0.357,-12.719,28.939,-7.71,0,111
50021,-0.547,-0.985,0.089,-80.412,-250.137,2.635,0,82
50074,1.046,-1.139,-0.933,72.855,71.496,-50.351,0,72
50129,-0.804,-0.57,0.206,27.366,250.13,10.941,0,104
50186,-1.229,-0.894,1.071,-54.275,-174.588,41.58,0,106
50239,0.663,-1.53,-0.602,47.779,-127.427,-29.066,0,72
50293,0.081,-0.67,-0.097,46.664,217.58,-36.359,0,77
50351,-1.04,-0.808,0.762,-40.435,27.298,44.794,0,134
50406,0.103,-1.474,-0.358,37.504,-20.032,46.107,0,103
50462,-0.715,-0.613,0.22,53.55,175.198,-4.819,0,103
50521,-0.942,-0.941,0.247,-42.855,-151.229,30.977,0,103
50575,0.36,-0.965,-0.257,-14.937,-121.763,41.947,0,76
50630,-0.282,-0.977,0.052,24.321,162.198,-2.576,0,102
50686,-1.142,-0.584,1.218,-39.122,-177.092,12.014,0,104
50741,0.373,-1.398,-0.341,57.885,-142.069,-10.256,0,76
50795,-0.087,-0.681,0.07,62.008,137.779,-12.736,0,75
50848,-0.63,-1.129,0.144,-30.031,100.679,35.87,0,75
50903,-0.229,-1.131,0.285,-8.189,-29.229,-56.107,0,72
50961,-0.293,-1.613,-0.333,113.053,111.832,-110.122,0,98
51017,-1.213,-0.546,0.702,-14.708,-192.092,2.684,0,100
51068,0.386,-0.832,-0.368,-56.702,-199.534,59.626,119,118
51119,0.476,-0.424,0.76,-15.31,32.987,22.122,122,72
51177,-0.36,-0.971,0.361,83.702,132.374,-125.435,127,127
51233,-1.468,-0.51,0.987,-13.452,-52.252,-118.389,0,130
51286,-0.214,-0.859,-0.481,-80.977,-250.137,52.069,178,88
51339,0.875,-0.632,-0.033,-128.382,-72.534,40.053,0,70
51393,-0.23,-1.041,0.618,0.564,99.756,-64.473,0,101
51450,-0.545,-0.803,0.726,34.74,-60.611,-32.298,0,109
51504,-0.166,-0.551,0.275,40.214,-103.542,13.879,165,108
51556,0.365,-0.958,-0.315,-32.015,-79.099,167.191,166,86
51607,0.167,-1.814,0.054,-139.305,25.481,225.496,0,49
51662,-0.112,-2.0,0.044,-2.547,100.573,-69.321,0,105
51719,-0.337,-0.73,0.222,112.527,153.214,-114.099,174,159
51777,-1.571,-0.19,0.997,-121.16,-102.122,-13.214,177,195
51829,0.113,-0.988,-0.137,-94.496,-250.137,30.122,0,47
51877,0.783,-0.949,-0.683,92.443,102.611,-153.519,75,60
51937,-0.28,-0.567,-0.139,68.183,250.13,-64.397,194,0
51993,-1.099,-0.977,0.706,-111.137,-129.115,103.634,0,127
52038,0.623,-1.189,-0.3,-22.039,-247.687,11.556,72,49
52082,0.571,-1.301,-0.218,76.962,29.565,-147.924,71,48
52127,0.084,-1.211,-0.199,59.275,200.229,-56.115,73,61
52172,-0.735,-0.437,0.708,-75.771,113.145,105.649,74,65
52216,-0.539,-1.36,0.731,-93.756,-192.038,88.58,72,49
52304,0.379,-0.588,-0.107,33.0,106.969,-50.328,73,63
52353,-0.599,-0.706,0.513,-78.107,62.679,97.779,75,65
52398,0.035,-1.483,-0.087,-39.183,-92.458,114.176,75,46
52446,0.426,-1.18,-0.528,70.672,88.969,-63.733,76,120
52495,-0.358,-0.514,0.151,3.044,204.924,-40.328,79,119
52543,-0.861,-0.968,0.715,-88.626,-64.427,47.641,81,117
52592,0.155,-1.598,-0.41,33.046,-131.527,-3.536,80,115
52637,0.308,-0.814,-0.406,43.664,112.198,-79.557,82,56
52686,-0.856,-0.682,0.496,-46.695,117.382,-8.199,84,117
52734,-0.679,-1.171,0.375,-44.427,-186.534,56.519,83,55
52784,0.507,-1.312,-0.606,41.748,-107.725,0.895,82,114
52829,0.141,-0.834,-0.478,41.611,184.695,-35.519,84,53
52874,-0.896,-0.716,0.488,-57.496,113.237,10.451,86,57
52923,-0.743,-1.164,0.441,-52.687,-174.527,48.351,84,115
52972,0.47,-1.315,-0.534,28.916,-151.84,-29.595,81,116
53020,0.393,-0.89,-0.492,33.435,149.824,-55.366,82,102
53065,-0.848,-0.68,0.473,-60.534,140.985,44.947,84,58
53117,-0.677,-1.25,0.478,-40.374,-182.733,63.901,83,115
53167,0.431,-1.2,-0.492,47.137,-86.87,-65.702,81,117
53212,0.045,-0.564,-0.174,8.277,149.58,-48.931,82,55
53261,-1.078,-1.053,0.504,-71.802,11.054,59.198,82,116
53309,0.109,-1.364,-0.067,6.09,-156.519,43.069,80,118
53358,0.532,-0.95,-0.486,59.725,77.466,-72.542,80,118
53407,-0.351,-0.722,0.005,16.821,234.282,-28.275,84,118
53463,-0.909,-0.983,0.551,-40.733,10.551,54.29,0,119
53519,-0.047,-1.214,-0.155,22.938,-122.565,5.179,0,120
53571,0.019,-0.731,-0.076,2.013,22.73,-27.466,83,120
53620,-0.475,-0.906,0.33,-48.824,-38.107,41.87,82,121
53669,0.054,-1.407,-0.129,17.606,-119.374,12.793,79,120
53723,0.321,-0.907,-0.314,38.634,50.038,-84.779,79,189
53779,-0.669,-0.566,0.413,-44.267,79.061,19.615,0,123
53827,-0.296,-1.26,0.257,-33.29,-197.74,65.74,78,106
53871,0.585,-1.174,-0.42,31.215,-59.397,-80.374,76,44
53919,0.316,-1.024,-0.38,25.679,166.092,-79.191,78,105
53979,-0.828,-0.698,0.507,-12.771,127.282,24.009,0,123
54039,-0.458,-1.046,0.46,-34.687,-221.305,52.0,0,189
54083,0.633,-1.031,-0.503,12.834,3.818,-90.573,78,44
54138,0.083,-1.013,-0.284,13.441,216.718,-57.84,0,106
54200,-0.875,-0.801,0.601,-25.034,70.527,45.504,0,0
54255,-0.044,-1.156,-0.074,-26.02,-182.099,42.962,192,126
54316,0.452,-0.993,-0.454,22.898,62.214,-61.611,194,0
54376,-0.611,-0.731,0.431,-40.878,91.626,-24.769,194,0
54427,-0.236,-1.057,0.19,-39.863,-184.427,32.565,190,46
54482,0.53,-1.087,-0.604,25.267,-9.124,-36.466,0,46
54541,-0.274,-0.582,0.145,-37.939,135.053,-59.008,0,152
54593,-0.412,-1.199,0.143,-53.916,-106.634,-0.425,174,84
54649,0.526,-0.869,-0.569,55.328,53.626,6.386,0,110
54708,-0.352,-0.833,0.087,0.525,169.74,-61.977,172,0
54764,-0.813,-1.167,0.585,-11.529,-110.313,-89.412,167,154
54814,0.287,-0.799,-0.22,55.214,-181.832,-47.527,121,87
54907,-0.182,-0.599,0.235,-42.29,47.122,5.965,116,86
54960,-0.096,-1.525,0.154,-140.366,-250.137,62.908,117,91
55009,1.646,-1.717,-0.442,51.389,-153.252,56.145,89,94
55060,1.228,-1.049,-0.626,151.824,189.115,-66.443,152,95
55113,-0.084,-0.899,-0.751,119.237,250.13,-66.886,126,132
55163,-1.564,-0.447,1.269,-72.786,169.672,45.519,92,119
55213,-0.842,-1.169,0.401,-76.84,-250.137,88.359,87,113
55261,0.994,-1.253,-0.703,63.008,-250.137,-42.369,84,91
55311,1.179,-0.783,-1.34,97.305,189.893,-79.809,134,90
55360,-0.786,-0.595,-0.295,-31.359,250.13,116.374,111,72
55411,-1.077,-1.93,0.885,-151.519,-97.817,143.26,105,80
55456,0.739,-1.685,-0.641,-29.718,-250.137,-1.154,74,47
55503,1.22,-0.879,-0.623,20.612,-75.893,-145.191,104,46
55550,0.275,-1.335,-0.756,-8.774,210.366,-104.336,113,46
55600,-0.724,-0.382,0.307,-88.504,131.893,119.748,74,128
55645,-0.872,-1.242,0.801,-148.992,-195.359,143.511,72,49
55690,0.462,-1.98,-0.635,21.988,-250.137,-12.755,71,48
55734,0.895,-0.684,-0.695,99.252,-39.756,-163.206,72,47
55785,0.089,-0.969,-0.641,4.501,250.13,-148.489,73,93
55833,-0.903,-0.651,0.317,-97.771,168.122,4.033,75,114
55882,-1.147,-1.4,0.635,-116.962,-207.489,80.466,74,113
55927,0.379,-1.567,-0.724,-1.904,-250.137,42.389,73,49
55972,1.167,-0.843,-0.846,75.519,-14.815,-94.733,73,50
56019,0.372,-1.006,-0.692,26.539,250.13,-93.863,72,94
56070,-0.56,-0.503,0.1,-66.382,250.13,11.367,73,137
56118,-0.787,-1.341,0.685,-75.733,-33.473,92.267,73,110
56171,0.433,-1.52,-0.498,102.458,-110.183,27.756,72,129
56219,0.607,-0.775,-0.552,63.45,172.122,-60.229,72,103
56269,-0.455,-0.942,-0.021,-34.145,245.916,-28.763,74,132
56318,-1.121,-1.1,0.959,-83.611,-140.504,21.435,73,135
56369,0.454,-1.443,-0.68,39.763,-250.137,34.55,70,140
56418,0.643,-0.775,-0.475,57.458,55.42,-49.802,70,111
56468,-0.452,-0.693,0.321,-33.176,106.931,-34.319,71,139
56518,-0.431,-0.998,0.426,-56.626,-147.55,38.42,70,150
56565,0.483,-1.189,-0.406,62.481,-102.939,39.878,69,79
56617,0.282,-0.813,-0.166,33.641,101.519,-22.998,68,112
56665,-0.435,-0.745,0.479,-53.718,35.565,8.048,69,101
56713,-0.118,-1.198,-0.025,-20.047,-125.924,32.504,68,96
56759,0.547,-1.047,-0.486,40.74,-19.302,4.659,68,79
56807,0.081,-1.015,-0.451,15.671,188.473,-0.919,68,100
56854,-1.066,-0.728,0.911,-79.626,-47.618,9.84,68,94
56900,-0.122,-1.244,-0.226,-44.0,-250.137,51.305,67,81
56946,0.915,-1.052,-0.713,28.267,-66.748,13.054,68,62
56995,0.086,-0.938,-0.201,7.241,181.298,2.927,68,79
57043,-1.066,-0.874,0.896,-53.42,-4.86,11.158,69,94
57089,-0.082,-1.393,-0.303,-5.425,-211.519,16.298,70,61
57135,0.632,-0.963,-0.59,62.74,29.0,-10.467,70,61
57182,-0.058,-0.837,-0.271,27.947,232.985,-0.598,70,92
57230,-0.73,-0.964,0.387,-19.456,139.718,14.821,72,91
57280,-0.236,-1.194,-0.037,36.092,-21.156,31.931,73,138
57378,-0.438,-0.745,-0.071,5.057,240.427,54.786,0,109
57435,-0.898,-1.115,0.584,-27.687,-56.603,35.504,0,110
57495,0.293,-1.104,-0.466,66.046,-49.702,7.03,0,117
57550,-0.174,-0.739,-0.042,25.061,152.718,6.645,0,111
57607,-1.22,-0.918,0.643,-40.885,-95.847,-2.84,0,111
57658,0.328,-1.126,-0.557,7.736,-134.244,29.595,115,113
57719,0.111,-0.868,-0.37,28.893,162.061,29.214,0,108
57776,-0.779,-0.845,0.258,5.214,150.336,-17.256,0,130
57832,-0.605,-0.971,0.148,-3.53,-64.855,-20.773,0,129
57888,-0.009,-0.935,-0.3,18.372,-4.476,0.836,0,127
57935,-0.507,-0.781,0.137,-22.317,54.863,10.966,57,127
57987,-0.519,-0.973,0.153,-22.926,-41.542,23.679,57,125
58034,0.177,-1.058,-0.351,25.977,24.183,54.573,57,124
58082,-0.126,-0.719,-0.153,43.641,214.649,47.779,57,123
58129,-0.589,-0.716,0.147,27.771,224.542,33.725,56,118
58177,-0.777,-1.033,0.341,27.099,110.13,12.385,58,135
58225,-0.777,-1.02,0.304,21.882,-55.84,-11.532,61,131
58272,-0.492,-0.728,-0.051,-27.665,-158.786,1.509,63,111
58319,-0.637,-0.591,-0.186,-60.0,-250.137,-7.184,65,109
58370,-0.152,-0.518,-0.342,-73.237,-238.985,-38.947,69,105
58422,0.199,-1.376,-0.645,9.669,-33.718,-62.603,152,100
58469,-0.42,-1.788,-0.834,62.046,250.13,-90.656,74,97
58516,-1.061,-0.433,-0.163,-30.055,241.901,5.794,75,99
58563,-1.042,-0.989,-0.111,-123.084,36.481,42.092,78,97
58612,-0.352,-0.985,0.386,-77.443,-107.893,56.458,80,113
58663,0.199,-1.647,-0.414,68.611,-35.687,-39.74,83,167
58715,-0.055,-0.577,-0.932,128.45,242.099,-64.656,85,161
58766,-1.411,-0.665,0.397,-145.733,97.42,17.076,89,85
58815,-0.911,-1.371,0.391,-91.702,-235.321,29.916,90,114
58863,0.164,-1.259,-0.522,105.252,-185.55,-63.74,92,109
58915,0.307,-0.885,-0.687,57.328,110.237,-114.13,95,158
58963,-0.899,-0.813,0.04,-56.656,209.664,-29.664,98,74
59011,-0.985,-1.552,0.092,-7.232,-51.534,26.771,100,73
59061,-0.18,-1.046,-0.236,94.305,-100.863,-0.776,102,128
59113,-0.071,-0.824,-0.373,46.588,8.546,-41.412,104,155
59165,-0.696,-0.764,0.124,-12.193,41.656,-11.395,105,147
59218,-0.468,-1.128,0.079,9.407,-209.366,47.855,105,121
59272,0.449,-1.089,-0.583,53.702,-77.473,-26.615,105,154
59324,-0.034,-0.601,0.045,-2.5,116.382,-16.593,107,153
59376,-0.723,-1.048,0.385,-38.29,-1.608,21.664,108,154
59429,-0.024,-0.955,-0.011,22.153,-123.397,22.499,109,150
59482,0.15,-0.836,-0.217,11.454,19.99,-58.725,110,147
59532,-0.62,-0.901,0.254,-34.573,37.267,-39.74,111,110
59584,-0.431,-0.876,0.374,-64.008,-181.176,44.687,112,152
59650,0.443,-0.898,-0.25,-1.262,-63.473,-44.221,113,167
59706,-0.423,-1.058,0.285,-19.235,68.458,-31.145,114,167
59764,-0.688,-1.05,0.471,-41.458,-250.137,34.336,116,0
59827,0.804,-1.156,-0.689,30.626,-82.771,4.046,0,191
59882,-0.174,-0.89,-0.093,14.148,245.725,-8.318,118,150
59937,-0.706,-0.951,0.444,3.779,86.176,15.018,118,148
60036,-0.271,-0.879,-0.256,7.321,92.412,-19.581,119,149
60092,-0.711,-0.866,0.454,-68.779,-121.771,29.511,120,156
60150,0.371,-1.243,-0.561,38.42,-22.659,4.309,119,149
60207,-0.832,-0.668,0.558,-14.428,80.008,-7.932,119,155
60264,-0.674,-1.173,0.028,-52.832,-250.137,-14.681,119,187
60322,0.632,-1.039,-0.662,23.641,-96.595,-21.952,120,0
60381,-0.217,-0.874,0.134,-7.715,106.878,8.042,118,0
60437,-0.031,-1.304,-0.103,28.489,51.901,-5.467,117,175
60493,0.102,-0.861,-0.541,61.023,250.13,-14.944,117,150
60549,-1.735,-0.807,1.365,-56.389,-63.45,-24.342,116,152
60607,0.204,-1.437,-0.875,4.807,-250.137,-3.16,116,0
60668,0.641,-0.871,-0.522,25.252,157.557,-13.313,116,0
60726,-1.033,-1.055,0.757,-21.672,79.351,8.011,114,191
60783,-0.15,-1.161,-0.153,16.856,-175.229,0.709,114,182
60841,0.21,-0.807,-0.209,9.963,38.45,-7.751,113,0
60899,-0.447,-1.115,0.458,-26.175,-81.069,4.895,113,0
60960,0.443,-1.093,-0.416,40.893,-5.339,-35.595,0,159
61018,-0.931,-0.703,0.827,-35.084,4.626,-6.04,111,199
61080,-0.26,-1.241,-0.058,-31.908,-250.137,-5.118,192,0
61147,1.054,-0.762,-0.728,35.137,118.565,-62.382,190,0
61209,-0.539,-0.921,0.412,-25.313,179.924,40.901,192,198
61272,-0.468,-1.087,0.237,6.756,-95.962,30.458,192,0
61334,-0.243,-0.951,0.096,-48.16,-250.137,30.924,190,0
61391,0.794,-1.03,-0.388,1.496,-124.397,2.564,189,107
61455,0.771,-1.104,-1.036,56.275,250.13,-12.485,0,0
61517,-2.0,-0.798,1.868,-25.37,162.565,-9.068,0,0
61576,-0.362,-1.188,-0.425,-20.542,-250.137,32.718,0,110
61633,1.438,-0.989,-0.958,24.153,39.257,-49.84,185,109
61699,0.037,-1.007,-0.384,26.16,250.13,-20.229,0,0
61762,-1.494,-0.994,1.302,-10.173,41.153,42.366,0,0
61826,0.039,-0.923,-0.201,-8.073,-250.137,-23.538,0,0
61888,1.049,-0.937,-0.81,42.794,114.214,-35.733,0,0
61952,-0.907,-0.707,0.65,6.053,250.13,-2.692,0,0
62015,-0.867,-1.037,0.478,-13.268,-250.137,8.044,0,0
62072,0.822,-1.124,-0.468,11.893,-158.115,-35.527,0,109
62136,0.46,-0.903,-0.232,23.107,216.908,-47.183,0,0
62199,-1.037,-0.823,0.876,2.629,149.908,-12.105,0,0
62252,-0.464,-0.877,0.327,-49.947,-250.137,8.25,0,0
62308,0.948,-1.032,-0.34,-45.809,-200.221,-12.812,162,116
62358,0.812,-0.999,-0.378,-4.402,231.069,-61.878,56,116
62415,-0.309,-0.993,-0.21,10.186,250.13,-31.489,97,0
62458,-1.66,-1.003,1.312,-12.346,4.052,42.29,92,0
62512,-0.842,-1.268,0.111,-38.237,-250.137,105.221,91,126
62563,0.741,-1.109,-0.607,36.908,-250.137,118.504,52,130
62613,1.18,-0.504,-0.504,62.45,110.473,33.74,57,130
62671,0.006,-0.467,-0.408,46.947,250.13,-88.809,58,0
62727,-1.097,-0.748,0.305,-18.97,250.13,-73.87,81,175
62777,-1.782,-1.834,0.929,-107.58,-65.855,-133.542,76,89
62833,-1.321,-1.089,0.388,-88.275,-250.137,-89.931,74,0
62885,0.884,-1.02,-1.024,30.191,-250.137,16.794,49,155
